0 0 0
0 0.1 0.0183156
0 0.2 0.0270518
0 0.3 0.0391639
0 0.4 0.0555762
0 0.5 0.0773047
0 0.6 0.105399
0 0.7 0.140858
0 0.8 0.18452
0 0.9 0.236928
0 1 0.298197
0 1.1 0.367879
0 1.2 0.444858
0 1.3 0.527292
0 1.4 0.612626
0 1.5 0.697676
0 1.6 0.778801
0 1.7 0.852144
0 1.8 0.913931
0 1.9 0.960789
0 2 0.99005
0 2.1 1
0 2.2 0.99005
0 2.3 0.960789
0 2.4 0.913931
0 2.5 0.852144
0 2.6 0.778801
0 2.7 0.697676
0 2.8 0.612626
0 2.9 0.527292
0 3 0.444858
0 3.1 0.367879
0 3.2 0.298197
0 3.3 0.236928
0 3.4 0.18452
0 3.5 0.140858
0 3.6 0.105399
0 3.7 0.0773047
0 3.8 0.0555762
0 3.9 0.0391639
0 4 0.0270518
0 4.1 0.0183156
0 4.2 0.0121552
0 4.3 0.00790705
0 4.4 0.00504176
0 4.5 0.00315111
0 4.6 0.00193045
0 4.7 0.00115923
0 4.8 0.000682328
0 4.9 0.000393669
0 5 0.00022263
0 5.1 0.00012341
0 5.2 6.70548e-05
0 5.3 3.57128e-05
0 5.4 1.86437e-05
0 5.5 9.54016e-06
0 5.6 4.78512e-06
0 5.7 2.35258e-06
0 5.8 1.13373e-06
0 5.9 5.35535e-07
0 6 2.4796e-07
0 6.1 1.12535e-07
0 6.2 5.00622e-08
0 6.3 2.18296e-08
0 6.4 9.33029e-09
0 6.5 3.90894e-09
0 6.6 1.60523e-09
0 6.7 6.46143e-10
0 6.8 2.54938e-10
0 6.9 9.85951e-11
0 7 3.73757e-11
0 7.1 1.38879e-11
0 7.2 5.05825e-12
0 7.3 1.80583e-12
0 7.4 6.31929e-13
0 7.5 2.16757e-13
0 7.6 7.28772e-14
0 7.7 2.40173e-14
0 7.8 7.7584e-15
0 7.9 2.4566e-15
0 8 7.62446e-16
0 8.1 2.31952e-16
0 8.2 6.91675e-17
0 8.3 2.02172e-17
0 8.4 5.79231e-18
0 8.5 1.62666e-18
0 8.6 4.47773e-19
0 8.7 1.20818e-19
0 8.8 3.19537e-20
0 8.9 8.28368e-21
0 9 2.10494e-21
0 9.1 5.24289e-22
0 9.2 1.28002e-22
0 9.3 3.06319e-23
0 9.4 7.18534e-24
0 9.5 1.65209e-24
0 9.6 3.72336e-25
0 9.7 8.22528e-26
0 9.8 1.78107e-26
0 9.9 3.78028e-27

0.1 0 4.94066e-324
0.1 0.1 0
0.1 0.2 0.0183156
0.1 0.3 0.0270518
0.1 0.4 0.0391639
0.1 0.5 0.0555762
0.1 0.6 0.0773047
0.1 0.7 0.105399
0.1 0.8 0.140858
0.1 0.9 0.18452
0.1 1 0.236928
0.1 1.1 0.298197
0.1 1.2 0.367879
0.1 1.3 0.444858
0.1 1.4 0.527292
0.1 1.5 0.612626
0.1 1.6 0.697676
0.1 1.7 0.778801
0.1 1.8 0.852144
0.1 1.9 0.913931
0.1 2 0.960789
0.1 2.1 0.99005
0.1 2.2 1
0.1 2.3 0.99005
0.1 2.4 0.960789
0.1 2.5 0.913931
0.1 2.6 0.852144
0.1 2.7 0.778801
0.1 2.8 0.697676
0.1 2.9 0.612626
0.1 3 0.527292
0.1 3.1 0.444858
0.1 3.2 0.367879
0.1 3.3 0.298197
0.1 3.4 0.236928
0.1 3.5 0.18452
0.1 3.6 0.140858
0.1 3.7 0.105399
0.1 3.8 0.0773047
0.1 3.9 0.0555762
0.1 4 0.0391639
0.1 4.1 0.0270518
0.1 4.2 0.0183156
0.1 4.3 0.0121552
0.1 4.4 0.00790705
0.1 4.5 0.00504176
0.1 4.6 0.00315111
0.1 4.7 0.00193045
0.1 4.8 0.00115923
0.1 4.9 0.000682328
0.1 5 0.000393669
0.1 5.1 0.00022263
0.1 5.2 0.00012341
0.1 5.3 6.70548e-05
0.1 5.4 3.57128e-05
0.1 5.5 1.86437e-05
0.1 5.6 9.54016e-06
0.1 5.7 4.78512e-06
0.1 5.8 2.35258e-06
0.1 5.9 1.13373e-06
0.1 6 5.35535e-07
0.1 6.1 2.4796e-07
0.1 6.2 1.12535e-07
0.1 6.3 5.00622e-08
0.1 6.4 2.18296e-08
0.1 6.5 9.33029e-09
0.1 6.6 3.90894e-09
0.1 6.7 1.60523e-09
0.1 6.8 6.46143e-10
0.1 6.9 2.54938e-10
0.1 7 9.85951e-11
0.1 7.1 3.73757e-11
0.1 7.2 1.38879e-11
0.1 7.3 5.05825e-12
0.1 7.4 1.80583e-12
0.1 7.5 6.31929e-13
0.1 7.6 2.16757e-13
0.1 7.7 7.28772e-14
0.1 7.8 2.40173e-14
0.1 7.9 7.7584e-15
0.1 8 2.4566e-15
0.1 8.1 7.62446e-16
0.1 8.2 2.31952e-16
0.1 8.3 6.91675e-17
0.1 8.4 2.02172e-17
0.1 8.5 5.79231e-18
0.1 8.6 1.62666e-18
0.1 8.7 4.47773e-19
0.1 8.8 1.20818e-19
0.1 8.9 3.19537e-20
0.1 9 8.28368e-21
0.1 9.1 2.10494e-21
0.1 9.2 5.24289e-22
0.1 9.3 1.28002e-22
0.1 9.4 3.06319e-23
0.1 9.5 7.18534e-24
0.1 9.6 1.65209e-24
0.1 9.7 3.72336e-25
0.1 9.8 8.22528e-26
0.1 9.9 1.78107e-26

0.2 0 4.94066e-324
0.2 0.1 4.94066e-324
0.2 0.2 0
0.2 0.3 0.0183156
0.2 0.4 0.0270518
0.2 0.5 0.0391639
0.2 0.6 0.0555762
0.2 0.7 0.0773047
0.2 0.8 0.105399
0.2 0.9 0.140858
0.2 1 0.18452
0.2 1.1 0.236928
0.2 1.2 0.298197
0.2 1.3 0.367879
0.2 1.4 0.444858
0.2 1.5 0.527292
0.2 1.6 0.612626
0.2 1.7 0.697676
0.2 1.8 0.778801
0.2 1.9 0.852144
0.2 2 0.913931
0.2 2.1 0.960789
0.2 2.2 0.99005
0.2 2.3 1
0.2 2.4 0.99005
0.2 2.5 0.960789
0.2 2.6 0.913931
0.2 2.7 0.852144
0.2 2.8 0.778801
0.2 2.9 0.697676
0.2 3 0.612626
0.2 3.1 0.527292
0.2 3.2 0.444858
0.2 3.3 0.367879
0.2 3.4 0.298197
0.2 3.5 0.236928
0.2 3.6 0.18452
0.2 3.7 0.140858
0.2 3.8 0.105399
0.2 3.9 0.0773047
0.2 4 0.0555762
0.2 4.1 0.0391639
0.2 4.2 0.0270518
0.2 4.3 0.0183156
0.2 4.4 0.0121552
0.2 4.5 0.00790705
0.2 4.6 0.00504176
0.2 4.7 0.00315111
0.2 4.8 0.00193045
0.2 4.9 0.00115923
0.2 5 0.000682328
0.2 5.1 0.000393669
0.2 5.2 0.00022263
0.2 5.3 0.00012341
0.2 5.4 6.70548e-05
0.2 5.5 3.57128e-05
0.2 5.6 1.86437e-05
0.2 5.7 9.54016e-06
0.2 5.8 4.78512e-06
0.2 5.9 2.35258e-06
0.2 6 1.13373e-06
0.2 6.1 5.35535e-07
0.2 6.2 2.4796e-07
0.2 6.3 1.12535e-07
0.2 6.4 5.00622e-08
0.2 6.5 2.18296e-08
0.2 6.6 9.33029e-09
0.2 6.7 3.90894e-09
0.2 6.8 1.60523e-09
0.2 6.9 6.46143e-10
0.2 7 2.54938e-10
0.2 7.1 9.85951e-11
0.2 7.2 3.73757e-11
0.2 7.3 1.38879e-11
0.2 7.4 5.05825e-12
0.2 7.5 1.80583e-12
0.2 7.6 6.31929e-13
0.2 7.7 2.16757e-13
0.2 7.8 7.28772e-14
0.2 7.9 2.40173e-14
0.2 8 7.7584e-15
0.2 8.1 2.4566e-15
0.2 8.2 7.62446e-16
0.2 8.3 2.31952e-16
0.2 8.4 6.91675e-17
0.2 8.5 2.02172e-17
0.2 8.6 5.79231e-18
0.2 8.7 1.62666e-18
0.2 8.8 4.47773e-19
0.2 8.9 1.20818e-19
0.2 9 3.19537e-20
0.2 9.1 8.28368e-21
0.2 9.2 2.10494e-21
0.2 9.3 5.24289e-22
0.2 9.4 1.28002e-22
0.2 9.5 3.06319e-23
0.2 9.6 7.18534e-24
0.2 9.7 1.65209e-24
0.2 9.8 3.72336e-25
0.2 9.9 8.22528e-26

0.3 0 4.94066e-324
0.3 0.1 4.94066e-324
0.3 0.2 4.94066e-324
0.3 0.3 0
0.3 0.4 0.0183156
0.3 0.5 0.0270518
0.3 0.6 0.0391639
0.3 0.7 0.0555762
0.3 0.8 0.0773047
0.3 0.9 0.105399
0.3 1 0.140858
0.3 1.1 0.18452
0.3 1.2 0.236928
0.3 1.3 0.298197
0.3 1.4 0.367879
0.3 1.5 0.444858
0.3 1.6 0.527292
0.3 1.7 0.612626
0.3 1.8 0.697676
0.3 1.9 0.778801
0.3 2 0.852144
0.3 2.1 0.913931
0.3 2.2 0.960789
0.3 2.3 0.99005
0.3 2.4 1
0.3 2.5 0.99005
0.3 2.6 0.960789
0.3 2.7 0.913931
0.3 2.8 0.852144
0.3 2.9 0.778801
0.3 3 0.697676
0.3 3.1 0.612626
0.3 3.2 0.527292
0.3 3.3 0.444858
0.3 3.4 0.367879
0.3 3.5 0.298197
0.3 3.6 0.236928
0.3 3.7 0.18452
0.3 3.8 0.140858
0.3 3.9 0.105399
0.3 4 0.0773047
0.3 4.1 0.0555762
0.3 4.2 0.0391639
0.3 4.3 0.0270518
0.3 4.4 0.0183156
0.3 4.5 0.0121552
0.3 4.6 0.00790705
0.3 4.7 0.00504176
0.3 4.8 0.00315111
0.3 4.9 0.00193045
0.3 5 0.00115923
0.3 5.1 0.000682328
0.3 5.2 0.000393669
0.3 5.3 0.00022263
0.3 5.4 0.00012341
0.3 5.5 6.70548e-05
0.3 5.6 3.57128e-05
0.3 5.7 1.86437e-05
0.3 5.8 9.54016e-06
0.3 5.9 4.78512e-06
0.3 6 2.35258e-06
0.3 6.1 1.13373e-06
0.3 6.2 5.35535e-07
0.3 6.3 2.4796e-07
0.3 6.4 1.12535e-07
0.3 6.5 5.00622e-08
0.3 6.6 2.18296e-08
0.3 6.7 9.33029e-09
0.3 6.8 3.90894e-09
0.3 6.9 1.60523e-09
0.3 7 6.46143e-10
0.3 7.1 2.54938e-10
0.3 7.2 9.85951e-11
0.3 7.3 3.73757e-11
0.3 7.4 1.38879e-11
0.3 7.5 5.05825e-12
0.3 7.6 1.80583e-12
0.3 7.7 6.31929e-13
0.3 7.8 2.16757e-13
0.3 7.9 7.28772e-14
0.3 8 2.40173e-14
0.3 8.1 7.7584e-15
0.3 8.2 2.4566e-15
0.3 8.3 7.62446e-16
0.3 8.4 2.31952e-16
0.3 8.5 6.91675e-17
0.3 8.6 2.02172e-17
0.3 8.7 5.79231e-18
0.3 8.8 1.62666e-18
0.3 8.9 4.47773e-19
0.3 9 1.20818e-19
0.3 9.1 3.19537e-20
0.3 9.2 8.28368e-21
0.3 9.3 2.10494e-21
0.3 9.4 5.24289e-22
0.3 9.5 1.28002e-22
0.3 9.6 3.06319e-23
0.3 9.7 7.18534e-24
0.3 9.8 1.65209e-24
0.3 9.9 3.72336e-25

0.4 0 4.94066e-324
0.4 0.1 4.94066e-324
0.4 0.2 4.94066e-324
0.4 0.3 4.94066e-324
0.4 0.4 0
0.4 0.5 0.0183156
0.4 0.6 0.0270518
0.4 0.7 0.0391639
0.4 0.8 0.0555762
0.4 0.9 0.0773047
0.4 1 0.105399
0.4 1.1 0.140858
0.4 1.2 0.18452
0.4 1.3 0.236928
0.4 1.4 0.298197
0.4 1.5 0.367879
0.4 1.6 0.444858
0.4 1.7 0.527292
0.4 1.8 0.612626
0.4 1.9 0.697676
0.4 2 0.778801
0.4 2.1 0.852144
0.4 2.2 0.913931
0.4 2.3 0.960789
0.4 2.4 0.99005
0.4 2.5 1
0.4 2.6 0.99005
0.4 2.7 0.960789
0.4 2.8 0.913931
0.4 2.9 0.852144
0.4 3 0.778801
0.4 3.1 0.697676
0.4 3.2 0.612626
0.4 3.3 0.527292
0.4 3.4 0.444858
0.4 3.5 0.367879
0.4 3.6 0.298197
0.4 3.7 0.236928
0.4 3.8 0.18452
0.4 3.9 0.140858
0.4 4 0.105399
0.4 4.1 0.0773047
0.4 4.2 0.0555762
0.4 4.3 0.0391639
0.4 4.4 0.0270518
0.4 4.5 0.0183156
0.4 4.6 0.0121552
0.4 4.7 0.00790705
0.4 4.8 0.00504176
0.4 4.9 0.00315111
0.4 5 0.00193045
0.4 5.1 0.00115923
0.4 5.2 0.000682328
0.4 5.3 0.000393669
0.4 5.4 0.00022263
0.4 5.5 0.00012341
0.4 5.6 6.70548e-05
0.4 5.7 3.57128e-05
0.4 5.8 1.86437e-05
0.4 5.9 9.54016e-06
0.4 6 4.78512e-06
0.4 6.1 2.35258e-06
0.4 6.2 1.13373e-06
0.4 6.3 5.35535e-07
0.4 6.4 2.4796e-07
0.4 6.5 1.12535e-07
0.4 6.6 5.00622e-08
0.4 6.7 2.18296e-08
0.4 6.8 9.33029e-09
0.4 6.9 3.90894e-09
0.4 7 1.60523e-09
0.4 7.1 6.46143e-10
0.4 7.2 2.54938e-10
0.4 7.3 9.85951e-11
0.4 7.4 3.73757e-11
0.4 7.5 1.38879e-11
0.4 7.6 5.05825e-12
0.4 7.7 1.80583e-12
0.4 7.8 6.31929e-13
0.4 7.9 2.16757e-13
0.4 8 7.28772e-14
0.4 8.1 2.40173e-14
0.4 8.2 7.7584e-15
0.4 8.3 2.4566e-15
0.4 8.4 7.62446e-16
0.4 8.5 2.31952e-16
0.4 8.6 6.91675e-17
0.4 8.7 2.02172e-17
0.4 8.8 5.79231e-18
0.4 8.9 1.62666e-18
0.4 9 4.47773e-19
0.4 9.1 1.20818e-19
0.4 9.2 3.19537e-20
0.4 9.3 8.28368e-21
0.4 9.4 2.10494e-21
0.4 9.5 5.24289e-22
0.4 9.6 1.28002e-22
0.4 9.7 3.06319e-23
0.4 9.8 7.18534e-24
0.4 9.9 1.65209e-24

0.5 0 4.94066e-324
0.5 0.1 4.94066e-324
0.5 0.2 4.94066e-324
0.5 0.3 4.94066e-324
0.5 0.4 4.94066e-324
0.5 0.5 0
0.5 0.6 0.0183156
0.5 0.7 0.0270518
0.5 0.8 0.0391639
0.5 0.9 0.0555762
0.5 1 0.0773047
0.5 1.1 0.105399
0.5 1.2 0.140858
0.5 1.3 0.18452
0.5 1.4 0.236928
0.5 1.5 0.298197
0.5 1.6 0.367879
0.5 1.7 0.444858
0.5 1.8 0.527292
0.5 1.9 0.612626
0.5 2 0.697676
0.5 2.1 0.778801
0.5 2.2 0.852144
0.5 2.3 0.913931
0.5 2.4 0.960789
0.5 2.5 0.99005
0.5 2.6 1
0.5 2.7 0.99005
0.5 2.8 0.960789
0.5 2.9 0.913931
0.5 3 0.852144
0.5 3.1 0.778801
0.5 3.2 0.697676
0.5 3.3 0.612626
0.5 3.4 0.527292
0.5 3.5 0.444858
0.5 3.6 0.367879
0.5 3.7 0.298197
0.5 3.8 0.236928
0.5 3.9 0.18452
0.5 4 0.140858
0.5 4.1 0.105399
0.5 4.2 0.0773047
0.5 4.3 0.0555762
0.5 4.4 0.0391639
0.5 4.5 0.0270518
0.5 4.6 0.0183156
0.5 4.7 0.0121552
0.5 4.8 0.00790705
0.5 4.9 0.00504176
0.5 5 0.00315111
0.5 5.1 0.00193045
0.5 5.2 0.00115923
0.5 5.3 0.000682328
0.5 5.4 0.000393669
0.5 5.5 0.00022263
0.5 5.6 0.00012341
0.5 5.7 6.70548e-05
0.5 5.8 3.57128e-05
0.5 5.9 1.86437e-05
0.5 6 9.54016e-06
0.5 6.1 4.78512e-06
0.5 6.2 2.35258e-06
0.5 6.3 1.13373e-06
0.5 6.4 5.35535e-07
0.5 6.5 2.4796e-07
0.5 6.6 1.12535e-07
0.5 6.7 5.00622e-08
0.5 6.8 2.18296e-08
0.5 6.9 9.33029e-09
0.5 7 3.90894e-09
0.5 7.1 1.60523e-09
0.5 7.2 6.46143e-10
0.5 7.3 2.54938e-10
0.5 7.4 9.85951e-11
0.5 7.5 3.73757e-11
0.5 7.6 1.38879e-11
0.5 7.7 5.05825e-12
0.5 7.8 1.80583e-12
0.5 7.9 6.31929e-13
0.5 8 2.16757e-13
0.5 8.1 7.28772e-14
0.5 8.2 2.40173e-14
0.5 8.3 7.7584e-15
0.5 8.4 2.4566e-15
0.5 8.5 7.62446e-16
0.5 8.6 2.31952e-16
0.5 8.7 6.91675e-17
0.5 8.8 2.02172e-17
0.5 8.9 5.79231e-18
0.5 9 1.62666e-18
0.5 9.1 4.47773e-19
0.5 9.2 1.20818e-19
0.5 9.3 3.19537e-20
0.5 9.4 8.28368e-21
0.5 9.5 2.10494e-21
0.5 9.6 5.24289e-22
0.5 9.7 1.28002e-22
0.5 9.8 3.06319e-23
0.5 9.9 7.18534e-24

0.6 0 4.94066e-324
0.6 0.1 4.94066e-324
0.6 0.2 4.94066e-324
0.6 0.3 4.94066e-324
0.6 0.4 4.94066e-324
0.6 0.5 4.94066e-324
0.6 0.6 0
0.6 0.7 0.0183156
0.6 0.8 0.0270518
0.6 0.9 0.0391639
0.6 1 0.0555762
0.6 1.1 0.0773047
0.6 1.2 0.105399
0.6 1.3 0.140858
0.6 1.4 0.18452
0.6 1.5 0.236928
0.6 1.6 0.298197
0.6 1.7 0.367879
0.6 1.8 0.444858
0.6 1.9 0.527292
0.6 2 0.612626
0.6 2.1 0.697676
0.6 2.2 0.778801
0.6 2.3 0.852144
0.6 2.4 0.913931
0.6 2.5 0.960789
0.6 2.6 0.99005
0.6 2.7 1
0.6 2.8 0.99005
0.6 2.9 0.960789
0.6 3 0.913931
0.6 3.1 0.852144
0.6 3.2 0.778801
0.6 3.3 0.697676
0.6 3.4 0.612626
0.6 3.5 0.527292
0.6 3.6 0.444858
0.6 3.7 0.367879
0.6 3.8 0.298197
0.6 3.9 0.236928
0.6 4 0.18452
0.6 4.1 0.140858
0.6 4.2 0.105399
0.6 4.3 0.0773047
0.6 4.4 0.0555762
0.6 4.5 0.0391639
0.6 4.6 0.0270518
0.6 4.7 0.0183156
0.6 4.8 0.0121552
0.6 4.9 0.00790705
0.6 5 0.00504176
0.6 5.1 0.00315111
0.6 5.2 0.00193045
0.6 5.3 0.00115923
0.6 5.4 0.000682328
0.6 5.5 0.000393669
0.6 5.6 0.00022263
0.6 5.7 0.00012341
0.6 5.8 6.70548e-05
0.6 5.9 3.57128e-05
0.6 6 1.86437e-05
0.6 6.1 9.54016e-06
0.6 6.2 4.78512e-06
0.6 6.3 2.35258e-06
0.6 6.4 1.13373e-06
0.6 6.5 5.35535e-07
0.6 6.6 2.4796e-07
0.6 6.7 1.12535e-07
0.6 6.8 5.00622e-08
0.6 6.9 2.18296e-08
0.6 7 9.33029e-09
0.6 7.1 3.90894e-09
0.6 7.2 1.60523e-09
0.6 7.3 6.46143e-10
0.6 7.4 2.54938e-10
0.6 7.5 9.85951e-11
0.6 7.6 3.73757e-11
0.6 7.7 1.38879e-11
0.6 7.8 5.05825e-12
0.6 7.9 1.80583e-12
0.6 8 6.31929e-13
0.6 8.1 2.16757e-13
0.6 8.2 7.28772e-14
0.6 8.3 2.40173e-14
0.6 8.4 7.7584e-15
0.6 8.5 2.4566e-15
0.6 8.6 7.62446e-16
0.6 8.7 2.31952e-16
0.6 8.8 6.91675e-17
0.6 8.9 2.02172e-17
0.6 9 5.79231e-18
0.6 9.1 1.62666e-18
0.6 9.2 4.47773e-19
0.6 9.3 1.20818e-19
0.6 9.4 3.19537e-20
0.6 9.5 8.28368e-21
0.6 9.6 2.10494e-21
0.6 9.7 5.24289e-22
0.6 9.8 1.28002e-22
0.6 9.9 3.06319e-23

0.7 0 4.94066e-324
0.7 0.1 4.94066e-324
0.7 0.2 4.94066e-324
0.7 0.3 4.94066e-324
0.7 0.4 4.94066e-324
0.7 0.5 4.94066e-324
0.7 0.6 4.94066e-324
0.7 0.7 0
0.7 0.8 0.0183156
0.7 0.9 0.0270518
0.7 1 0.0391639
0.7 1.1 0.0555762
0.7 1.2 0.0773047
0.7 1.3 0.105399
0.7 1.4 0.140858
0.7 1.5 0.18452
0.7 1.6 0.236928
0.7 1.7 0.298197
0.7 1.8 0.367879
0.7 1.9 0.444858
0.7 2 0.527292
0.7 2.1 0.612626
0.7 2.2 0.697676
0.7 2.3 0.778801
0.7 2.4 0.852144
0.7 2.5 0.913931
0.7 2.6 0.960789
0.7 2.7 0.99005
0.7 2.8 1
0.7 2.9 0.99005
0.7 3 0.960789
0.7 3.1 0.913931
0.7 3.2 0.852144
0.7 3.3 0.778801
0.7 3.4 0.697676
0.7 3.5 0.612626
0.7 3.6 0.527292
0.7 3.7 0.444858
0.7 3.8 0.367879
0.7 3.9 0.298197
0.7 4 0.236928
0.7 4.1 0.18452
0.7 4.2 0.140858
0.7 4.3 0.105399
0.7 4.4 0.0773047
0.7 4.5 0.0555762
0.7 4.6 0.0391639
0.7 4.7 0.0270518
0.7 4.8 0.0183156
0.7 4.9 0.0121552
0.7 5 0.00790705
0.7 5.1 0.00504176
0.7 5.2 0.00315111
0.7 5.3 0.00193045
0.7 5.4 0.00115923
0.7 5.5 0.000682328
0.7 5.6 0.000393669
0.7 5.7 0.00022263
0.7 5.8 0.00012341
0.7 5.9 6.70548e-05
0.7 6 3.57128e-05
0.7 6.1 1.86437e-05
0.7 6.2 9.54016e-06
0.7 6.3 4.78512e-06
0.7 6.4 2.35258e-06
0.7 6.5 1.13373e-06
0.7 6.6 5.35535e-07
0.7 6.7 2.4796e-07
0.7 6.8 1.12535e-07
0.7 6.9 5.00622e-08
0.7 7 2.18296e-08
0.7 7.1 9.33029e-09
0.7 7.2 3.90894e-09
0.7 7.3 1.60523e-09
0.7 7.4 6.46143e-10
0.7 7.5 2.54938e-10
0.7 7.6 9.85951e-11
0.7 7.7 3.73757e-11
0.7 7.8 1.38879e-11
0.7 7.9 5.05825e-12
0.7 8 1.80583e-12
0.7 8.1 6.31929e-13
0.7 8.2 2.16757e-13
0.7 8.3 7.28772e-14
0.7 8.4 2.40173e-14
0.7 8.5 7.7584e-15
0.7 8.6 2.4566e-15
0.7 8.7 7.62446e-16
0.7 8.8 2.31952e-16
0.7 8.9 6.91675e-17
0.7 9 2.02172e-17
0.7 9.1 5.79231e-18
0.7 9.2 1.62666e-18
0.7 9.3 4.47773e-19
0.7 9.4 1.20818e-19
0.7 9.5 3.19537e-20
0.7 9.6 8.28368e-21
0.7 9.7 2.10494e-21
0.7 9.8 5.24289e-22
0.7 9.9 1.28002e-22

0.8 0 4.94066e-324
0.8 0.1 4.94066e-324
0.8 0.2 4.94066e-324
0.8 0.3 4.94066e-324
0.8 0.4 4.94066e-324
0.8 0.5 4.94066e-324
0.8 0.6 4.94066e-324
0.8 0.7 4.94066e-324
0.8 0.8 0
0.8 0.9 0.0183156
0.8 1 0.0270518
0.8 1.1 0.0391639
0.8 1.2 0.0555762
0.8 1.3 0.0773047
0.8 1.4 0.105399
0.8 1.5 0.140858
0.8 1.6 0.18452
0.8 1.7 0.236928
0.8 1.8 0.298197
0.8 1.9 0.367879
0.8 2 0.444858
0.8 2.1 0.527292
0.8 2.2 0.612626
0.8 2.3 0.697676
0.8 2.4 0.778801
0.8 2.5 0.852144
0.8 2.6 0.913931
0.8 2.7 0.960789
0.8 2.8 0.99005
0.8 2.9 1
0.8 3 0.99005
0.8 3.1 0.960789
0.8 3.2 0.913931
0.8 3.3 0.852144
0.8 3.4 0.778801
0.8 3.5 0.697676
0.8 3.6 0.612626
0.8 3.7 0.527292
0.8 3.8 0.444858
0.8 3.9 0.367879
0.8 4 0.298197
0.8 4.1 0.236928
0.8 4.2 0.18452
0.8 4.3 0.140858
0.8 4.4 0.105399
0.8 4.5 0.0773047
0.8 4.6 0.0555762
0.8 4.7 0.0391639
0.8 4.8 0.0270518
0.8 4.9 0.0183156
0.8 5 0.0121552
0.8 5.1 0.00790705
0.8 5.2 0.00504176
0.8 5.3 0.00315111
0.8 5.4 0.00193045
0.8 5.5 0.00115923
0.8 5.6 0.000682328
0.8 5.7 0.000393669
0.8 5.8 0.00022263
0.8 5.9 0.00012341
0.8 6 6.70548e-05
0.8 6.1 3.57128e-05
0.8 6.2 1.86437e-05
0.8 6.3 9.54016e-06
0.8 6.4 4.78512e-06
0.8 6.5 2.35258e-06
0.8 6.6 1.13373e-06
0.8 6.7 5.35535e-07
0.8 6.8 2.4796e-07
0.8 6.9 1.12535e-07
0.8 7 5.00622e-08
0.8 7.1 2.18296e-08
0.8 7.2 9.33029e-09
0.8 7.3 3.90894e-09
0.8 7.4 1.60523e-09
0.8 7.5 6.46143e-10
0.8 7.6 2.54938e-10
0.8 7.7 9.85951e-11
0.8 7.8 3.73757e-11
0.8 7.9 1.38879e-11
0.8 8 5.05825e-12
0.8 8.1 1.80583e-12
0.8 8.2 6.31929e-13
0.8 8.3 2.16757e-13
0.8 8.4 7.28772e-14
0.8 8.5 2.40173e-14
0.8 8.6 7.7584e-15
0.8 8.7 2.4566e-15
0.8 8.8 7.62446e-16
0.8 8.9 2.31952e-16
0.8 9 6.91675e-17
0.8 9.1 2.02172e-17
0.8 9.2 5.79231e-18
0.8 9.3 1.62666e-18
0.8 9.4 4.47773e-19
0.8 9.5 1.20818e-19
0.8 9.6 3.19537e-20
0.8 9.7 8.28368e-21
0.8 9.8 2.10494e-21
0.8 9.9 5.24289e-22

0.9 0 4.94066e-324
0.9 0.1 4.94066e-324
0.9 0.2 4.94066e-324
0.9 0.3 4.94066e-324
0.9 0.4 4.94066e-324
0.9 0.5 4.94066e-324
0.9 0.6 4.94066e-324
0.9 0.7 4.94066e-324
0.9 0.8 4.94066e-324
0.9 0.9 0
0.9 1 0.0183156
0.9 1.1 0.0270518
0.9 1.2 0.0391639
0.9 1.3 0.0555762
0.9 1.4 0.0773047
0.9 1.5 0.105399
0.9 1.6 0.140858
0.9 1.7 0.18452
0.9 1.8 0.236928
0.9 1.9 0.298197
0.9 2 0.367879
0.9 2.1 0.444858
0.9 2.2 0.527292
0.9 2.3 0.612626
0.9 2.4 0.697676
0.9 2.5 0.778801
0.9 2.6 0.852144
0.9 2.7 0.913931
0.9 2.8 0.960789
0.9 2.9 0.99005
0.9 3 1
0.9 3.1 0.99005
0.9 3.2 0.960789
0.9 3.3 0.913931
0.9 3.4 0.852144
0.9 3.5 0.778801
0.9 3.6 0.697676
0.9 3.7 0.612626
0.9 3.8 0.527292
0.9 3.9 0.444858
0.9 4 0.367879
0.9 4.1 0.298197
0.9 4.2 0.236928
0.9 4.3 0.18452
0.9 4.4 0.140858
0.9 4.5 0.105399
0.9 4.6 0.0773047
0.9 4.7 0.0555762
0.9 4.8 0.0391639
0.9 4.9 0.0270518
0.9 5 0.0183156
0.9 5.1 0.0121552
0.9 5.2 0.00790705
0.9 5.3 0.00504176
0.9 5.4 0.00315111
0.9 5.5 0.00193045
0.9 5.6 0.00115923
0.9 5.7 0.000682328
0.9 5.8 0.000393669
0.9 5.9 0.00022263
0.9 6 0.00012341
0.9 6.1 6.70548e-05
0.9 6.2 3.57128e-05
0.9 6.3 1.86437e-05
0.9 6.4 9.54016e-06
0.9 6.5 4.78512e-06
0.9 6.6 2.35258e-06
0.9 6.7 1.13373e-06
0.9 6.8 5.35535e-07
0.9 6.9 2.4796e-07
0.9 7 1.12535e-07
0.9 7.1 5.00622e-08
0.9 7.2 2.18296e-08
0.9 7.3 9.33029e-09
0.9 7.4 3.90894e-09
0.9 7.5 1.60523e-09
0.9 7.6 6.46143e-10
0.9 7.7 2.54938e-10
0.9 7.8 9.85951e-11
0.9 7.9 3.73757e-11
0.9 8 1.38879e-11
0.9 8.1 5.05825e-12
0.9 8.2 1.80583e-12
0.9 8.3 6.31929e-13
0.9 8.4 2.16757e-13
0.9 8.5 7.28772e-14
0.9 8.6 2.40173e-14
0.9 8.7 7.7584e-15
0.9 8.8 2.4566e-15
0.9 8.9 7.62446e-16
0.9 9 2.31952e-16
0.9 9.1 6.91675e-17
0.9 9.2 2.02172e-17
0.9 9.3 5.79231e-18
0.9 9.4 1.62666e-18
0.9 9.5 4.47773e-19
0.9 9.6 1.20818e-19
0.9 9.7 3.19537e-20
0.9 9.8 8.28368e-21
0.9 9.9 2.10494e-21

1 0 4.94066e-324
1 0.1 4.94066e-324
1 0.2 4.94066e-324
1 0.3 4.94066e-324
1 0.4 4.94066e-324
1 0.5 4.94066e-324
1 0.6 4.94066e-324
1 0.7 4.94066e-324
1 0.8 4.94066e-324
1 0.9 4.94066e-324
1 1 0
1 1.1 0.0183156
1 1.2 0.0270518
1 1.3 0.0391639
1 1.4 0.0555762
1 1.5 0.0773047
1 1.6 0.105399
1 1.7 0.140858
1 1.8 0.18452
1 1.9 0.236928
1 2 0.298197
1 2.1 0.367879
1 2.2 0.444858
1 2.3 0.527292
1 2.4 0.612626
1 2.5 0.697676
1 2.6 0.778801
1 2.7 0.852144
1 2.8 0.913931
1 2.9 0.960789
1 3 0.99005
1 3.1 1
1 3.2 0.99005
1 3.3 0.960789
1 3.4 0.913931
1 3.5 0.852144
1 3.6 0.778801
1 3.7 0.697676
1 3.8 0.612626
1 3.9 0.527292
1 4 0.444858
1 4.1 0.367879
1 4.2 0.298197
1 4.3 0.236928
1 4.4 0.18452
1 4.5 0.140858
1 4.6 0.105399
1 4.7 0.0773047
1 4.8 0.0555762
1 4.9 0.0391639
1 5 0.0270518
1 5.1 0.0183156
1 5.2 0.0121552
1 5.3 0.00790705
1 5.4 0.00504176
1 5.5 0.00315111
1 5.6 0.00193045
1 5.7 0.00115923
1 5.8 0.000682328
1 5.9 0.000393669
1 6 0.00022263
1 6.1 0.00012341
1 6.2 6.70548e-05
1 6.3 3.57128e-05
1 6.4 1.86437e-05
1 6.5 9.54016e-06
1 6.6 4.78512e-06
1 6.7 2.35258e-06
1 6.8 1.13373e-06
1 6.9 5.35535e-07
1 7 2.4796e-07
1 7.1 1.12535e-07
1 7.2 5.00622e-08
1 7.3 2.18296e-08
1 7.4 9.33029e-09
1 7.5 3.90894e-09
1 7.6 1.60523e-09
1 7.7 6.46143e-10
1 7.8 2.54938e-10
1 7.9 9.85951e-11
1 8 3.73757e-11
1 8.1 1.38879e-11
1 8.2 5.05825e-12
1 8.3 1.80583e-12
1 8.4 6.31929e-13
1 8.5 2.16757e-13
1 8.6 7.28772e-14
1 8.7 2.40173e-14
1 8.8 7.7584e-15
1 8.9 2.4566e-15
1 9 7.62446e-16
1 9.1 2.31952e-16
1 9.2 6.91675e-17
1 9.3 2.02172e-17
1 9.4 5.79231e-18
1 9.5 1.62666e-18
1 9.6 4.47773e-19
1 9.7 1.20818e-19
1 9.8 3.19537e-20
1 9.9 8.28368e-21

1.1 0 4.94066e-324
1.1 0.1 4.94066e-324
1.1 0.2 4.94066e-324
1.1 0.3 4.94066e-324
1.1 0.4 4.94066e-324
1.1 0.5 4.94066e-324
1.1 0.6 4.94066e-324
1.1 0.7 4.94066e-324
1.1 0.8 4.94066e-324
1.1 0.9 4.94066e-324
1.1 1 4.94066e-324
1.1 1.1 0
1.1 1.2 0.0183156
1.1 1.3 0.0270518
1.1 1.4 0.0391639
1.1 1.5 0.0555762
1.1 1.6 0.0773047
1.1 1.7 0.105399
1.1 1.8 0.140858
1.1 1.9 0.18452
1.1 2 0.236928
1.1 2.1 0.298197
1.1 2.2 0.367879
1.1 2.3 0.444858
1.1 2.4 0.527292
1.1 2.5 0.612626
1.1 2.6 0.697676
1.1 2.7 0.778801
1.1 2.8 0.852144
1.1 2.9 0.913931
1.1 3 0.960789
1.1 3.1 0.99005
1.1 3.2 1
1.1 3.3 0.99005
1.1 3.4 0.960789
1.1 3.5 0.913931
1.1 3.6 0.852144
1.1 3.7 0.778801
1.1 3.8 0.697676
1.1 3.9 0.612626
1.1 4 0.527292
1.1 4.1 0.444858
1.1 4.2 0.367879
1.1 4.3 0.298197
1.1 4.4 0.236928
1.1 4.5 0.18452
1.1 4.6 0.140858
1.1 4.7 0.105399
1.1 4.8 0.0773047
1.1 4.9 0.0555762
1.1 5 0.0391639
1.1 5.1 0.0270518
1.1 5.2 0.0183156
1.1 5.3 0.0121552
1.1 5.4 0.00790705
1.1 5.5 0.00504176
1.1 5.6 0.00315111
1.1 5.7 0.00193045
1.1 5.8 0.00115923
1.1 5.9 0.000682328
1.1 6 0.000393669
1.1 6.1 0.00022263
1.1 6.2 0.00012341
1.1 6.3 6.70548e-05
1.1 6.4 3.57128e-05
1.1 6.5 1.86437e-05
1.1 6.6 9.54016e-06
1.1 6.7 4.78512e-06
1.1 6.8 2.35258e-06
1.1 6.9 1.13373e-06
1.1 7 5.35535e-07
1.1 7.1 2.4796e-07
1.1 7.2 1.12535e-07
1.1 7.3 5.00622e-08
1.1 7.4 2.18296e-08
1.1 7.5 9.33029e-09
1.1 7.6 3.90894e-09
1.1 7.7 1.60523e-09
1.1 7.8 6.46143e-10
1.1 7.9 2.54938e-10
1.1 8 9.85951e-11
1.1 8.1 3.73757e-11
1.1 8.2 1.38879e-11
1.1 8.3 5.05825e-12
1.1 8.4 1.80583e-12
1.1 8.5 6.31929e-13
1.1 8.6 2.16757e-13
1.1 8.7 7.28772e-14
1.1 8.8 2.40173e-14
1.1 8.9 7.7584e-15
1.1 9 2.4566e-15
1.1 9.1 7.62446e-16
1.1 9.2 2.31952e-16
1.1 9.3 6.91675e-17
1.1 9.4 2.02172e-17
1.1 9.5 5.79231e-18
1.1 9.6 1.62666e-18
1.1 9.7 4.47773e-19
1.1 9.8 1.20818e-19
1.1 9.9 3.19537e-20

1.2 0 4.94066e-324
1.2 0.1 4.94066e-324
1.2 0.2 4.94066e-324
1.2 0.3 4.94066e-324
1.2 0.4 4.94066e-324
1.2 0.5 4.94066e-324
1.2 0.6 4.94066e-324
1.2 0.7 4.94066e-324
1.2 0.8 4.94066e-324
1.2 0.9 4.94066e-324
1.2 1 4.94066e-324
1.2 1.1 4.94066e-324
1.2 1.2 0
1.2 1.3 0.0183156
1.2 1.4 0.0270518
1.2 1.5 0.0391639
1.2 1.6 0.0555762
1.2 1.7 0.0773047
1.2 1.8 0.105399
1.2 1.9 0.140858
1.2 2 0.18452
1.2 2.1 0.236928
1.2 2.2 0.298197
1.2 2.3 0.367879
1.2 2.4 0.444858
1.2 2.5 0.527292
1.2 2.6 0.612626
1.2 2.7 0.697676
1.2 2.8 0.778801
1.2 2.9 0.852144
1.2 3 0.913931
1.2 3.1 0.960789
1.2 3.2 0.99005
1.2 3.3 1
1.2 3.4 0.99005
1.2 3.5 0.960789
1.2 3.6 0.913931
1.2 3.7 0.852144
1.2 3.8 0.778801
1.2 3.9 0.697676
1.2 4 0.612626
1.2 4.1 0.527292
1.2 4.2 0.444858
1.2 4.3 0.367879
1.2 4.4 0.298197
1.2 4.5 0.236928
1.2 4.6 0.18452
1.2 4.7 0.140858
1.2 4.8 0.105399
1.2 4.9 0.0773047
1.2 5 0.0555762
1.2 5.1 0.0391639
1.2 5.2 0.0270518
1.2 5.3 0.0183156
1.2 5.4 0.0121552
1.2 5.5 0.00790705
1.2 5.6 0.00504176
1.2 5.7 0.00315111
1.2 5.8 0.00193045
1.2 5.9 0.00115923
1.2 6 0.000682328
1.2 6.1 0.000393669
1.2 6.2 0.00022263
1.2 6.3 0.00012341
1.2 6.4 6.70548e-05
1.2 6.5 3.57128e-05
1.2 6.6 1.86437e-05
1.2 6.7 9.54016e-06
1.2 6.8 4.78512e-06
1.2 6.9 2.35258e-06
1.2 7 1.13373e-06
1.2 7.1 5.35535e-07
1.2 7.2 2.4796e-07
1.2 7.3 1.12535e-07
1.2 7.4 5.00622e-08
1.2 7.5 2.18296e-08
1.2 7.6 9.33029e-09
1.2 7.7 3.90894e-09
1.2 7.8 1.60523e-09
1.2 7.9 6.46143e-10
1.2 8 2.54938e-10
1.2 8.1 9.85951e-11
1.2 8.2 3.73757e-11
1.2 8.3 1.38879e-11
1.2 8.4 5.05825e-12
1.2 8.5 1.80583e-12
1.2 8.6 6.31929e-13
1.2 8.7 2.16757e-13
1.2 8.8 7.28772e-14
1.2 8.9 2.40173e-14
1.2 9 7.7584e-15
1.2 9.1 2.4566e-15
1.2 9.2 7.62446e-16
1.2 9.3 2.31952e-16
1.2 9.4 6.91675e-17
1.2 9.5 2.02172e-17
1.2 9.6 5.79231e-18
1.2 9.7 1.62666e-18
1.2 9.8 4.47773e-19
1.2 9.9 1.20818e-19

1.3 0 4.94066e-324
1.3 0.1 4.94066e-324
1.3 0.2 4.94066e-324
1.3 0.3 4.94066e-324
1.3 0.4 4.94066e-324
1.3 0.5 4.94066e-324
1.3 0.6 4.94066e-324
1.3 0.7 4.94066e-324
1.3 0.8 4.94066e-324
1.3 0.9 4.94066e-324
1.3 1 4.94066e-324
1.3 1.1 4.94066e-324
1.3 1.2 4.94066e-324
1.3 1.3 0
1.3 1.4 0.0183156
1.3 1.5 0.0270518
1.3 1.6 0.0391639
1.3 1.7 0.0555762
1.3 1.8 0.0773047
1.3 1.9 0.105399
1.3 2 0.140858
1.3 2.1 0.18452
1.3 2.2 0.236928
1.3 2.3 0.298197
1.3 2.4 0.367879
1.3 2.5 0.444858
1.3 2.6 0.527292
1.3 2.7 0.612626
1.3 2.8 0.697676
1.3 2.9 0.778801
1.3 3 0.852144
1.3 3.1 0.913931
1.3 3.2 0.960789
1.3 3.3 0.99005
1.3 3.4 1
1.3 3.5 0.99005
1.3 3.6 0.960789
1.3 3.7 0.913931
1.3 3.8 0.852144
1.3 3.9 0.778801
1.3 4 0.697676
1.3 4.1 0.612626
1.3 4.2 0.527292
1.3 4.3 0.444858
1.3 4.4 0.367879
1.3 4.5 0.298197
1.3 4.6 0.236928
1.3 4.7 0.18452
1.3 4.8 0.140858
1.3 4.9 0.105399
1.3 5 0.0773047
1.3 5.1 0.0555762
1.3 5.2 0.0391639
1.3 5.3 0.0270518
1.3 5.4 0.0183156
1.3 5.5 0.0121552
1.3 5.6 0.00790705
1.3 5.7 0.00504176
1.3 5.8 0.00315111
1.3 5.9 0.00193045
1.3 6 0.00115923
1.3 6.1 0.000682328
1.3 6.2 0.000393669
1.3 6.3 0.00022263
1.3 6.4 0.00012341
1.3 6.5 6.70548e-05
1.3 6.6 3.57128e-05
1.3 6.7 1.86437e-05
1.3 6.8 9.54016e-06
1.3 6.9 4.78512e-06
1.3 7 2.35258e-06
1.3 7.1 1.13373e-06
1.3 7.2 5.35535e-07
1.3 7.3 2.4796e-07
1.3 7.4 1.12535e-07
1.3 7.5 5.00622e-08
1.3 7.6 2.18296e-08
1.3 7.7 9.33029e-09
1.3 7.8 3.90894e-09
1.3 7.9 1.60523e-09
1.3 8 6.46143e-10
1.3 8.1 2.54938e-10
1.3 8.2 9.85951e-11
1.3 8.3 3.73757e-11
1.3 8.4 1.38879e-11
1.3 8.5 5.05825e-12
1.3 8.6 1.80583e-12
1.3 8.7 6.31929e-13
1.3 8.8 2.16757e-13
1.3 8.9 7.28772e-14
1.3 9 2.40173e-14
1.3 9.1 7.7584e-15
1.3 9.2 2.4566e-15
1.3 9.3 7.62446e-16
1.3 9.4 2.31952e-16
1.3 9.5 6.91675e-17
1.3 9.6 2.02172e-17
1.3 9.7 5.79231e-18
1.3 9.8 1.62666e-18
1.3 9.9 4.47773e-19

1.4 0 4.94066e-324
1.4 0.1 4.94066e-324
1.4 0.2 4.94066e-324
1.4 0.3 4.94066e-324
1.4 0.4 4.94066e-324
1.4 0.5 4.94066e-324
1.4 0.6 4.94066e-324
1.4 0.7 4.94066e-324
1.4 0.8 4.94066e-324
1.4 0.9 4.94066e-324
1.4 1 4.94066e-324
1.4 1.1 4.94066e-324
1.4 1.2 4.94066e-324
1.4 1.3 4.94066e-324
1.4 1.4 0
1.4 1.5 0.0183156
1.4 1.6 0.0270518
1.4 1.7 0.0391639
1.4 1.8 0.0555762
1.4 1.9 0.0773047
1.4 2 0.105399
1.4 2.1 0.140858
1.4 2.2 0.18452
1.4 2.3 0.236928
1.4 2.4 0.298197
1.4 2.5 0.367879
1.4 2.6 0.444858
1.4 2.7 0.527292
1.4 2.8 0.612626
1.4 2.9 0.697676
1.4 3 0.778801
1.4 3.1 0.852144
1.4 3.2 0.913931
1.4 3.3 0.960789
1.4 3.4 0.99005
1.4 3.5 1
1.4 3.6 0.99005
1.4 3.7 0.960789
1.4 3.8 0.913931
1.4 3.9 0.852144
1.4 4 0.778801
1.4 4.1 0.697676
1.4 4.2 0.612626
1.4 4.3 0.527292
1.4 4.4 0.444858
1.4 4.5 0.367879
1.4 4.6 0.298197
1.4 4.7 0.236928
1.4 4.8 0.18452
1.4 4.9 0.140858
1.4 5 0.105399
1.4 5.1 0.0773047
1.4 5.2 0.0555762
1.4 5.3 0.0391639
1.4 5.4 0.0270518
1.4 5.5 0.0183156
1.4 5.6 0.0121552
1.4 5.7 0.00790705
1.4 5.8 0.00504176
1.4 5.9 0.00315111
1.4 6 0.00193045
1.4 6.1 0.00115923
1.4 6.2 0.000682328
1.4 6.3 0.000393669
1.4 6.4 0.00022263
1.4 6.5 0.00012341
1.4 6.6 6.70548e-05
1.4 6.7 3.57128e-05
1.4 6.8 1.86437e-05
1.4 6.9 9.54016e-06
1.4 7 4.78512e-06
1.4 7.1 2.35258e-06
1.4 7.2 1.13373e-06
1.4 7.3 5.35535e-07
1.4 7.4 2.4796e-07
1.4 7.5 1.12535e-07
1.4 7.6 5.00622e-08
1.4 7.7 2.18296e-08
1.4 7.8 9.33029e-09
1.4 7.9 3.90894e-09
1.4 8 1.60523e-09
1.4 8.1 6.46143e-10
1.4 8.2 2.54938e-10
1.4 8.3 9.85951e-11
1.4 8.4 3.73757e-11
1.4 8.5 1.38879e-11
1.4 8.6 5.05825e-12
1.4 8.7 1.80583e-12
1.4 8.8 6.31929e-13
1.4 8.9 2.16757e-13
1.4 9 7.28772e-14
1.4 9.1 2.40173e-14
1.4 9.2 7.7584e-15
1.4 9.3 2.4566e-15
1.4 9.4 7.62446e-16
1.4 9.5 2.31952e-16
1.4 9.6 6.91675e-17
1.4 9.7 2.02172e-17
1.4 9.8 5.79231e-18
1.4 9.9 1.62666e-18

1.5 0 4.94066e-324
1.5 0.1 4.94066e-324
1.5 0.2 4.94066e-324
1.5 0.3 4.94066e-324
1.5 0.4 4.94066e-324
1.5 0.5 4.94066e-324
1.5 0.6 4.94066e-324
1.5 0.7 4.94066e-324
1.5 0.8 4.94066e-324
1.5 0.9 4.94066e-324
1.5 1 4.94066e-324
1.5 1.1 4.94066e-324
1.5 1.2 4.94066e-324
1.5 1.3 4.94066e-324
1.5 1.4 4.94066e-324
1.5 1.5 0
1.5 1.6 0.0183156
1.5 1.7 0.0270518
1.5 1.8 0.0391639
1.5 1.9 0.0555762
1.5 2 0.0773047
1.5 2.1 0.105399
1.5 2.2 0.140858
1.5 2.3 0.18452
1.5 2.4 0.236928
1.5 2.5 0.298197
1.5 2.6 0.367879
1.5 2.7 0.444858
1.5 2.8 0.527292
1.5 2.9 0.612626
1.5 3 0.697676
1.5 3.1 0.778801
1.5 3.2 0.852144
1.5 3.3 0.913931
1.5 3.4 0.960789
1.5 3.5 0.99005
1.5 3.6 1
1.5 3.7 0.99005
1.5 3.8 0.960789
1.5 3.9 0.913931
1.5 4 0.852144
1.5 4.1 0.778801
1.5 4.2 0.697676
1.5 4.3 0.612626
1.5 4.4 0.527292
1.5 4.5 0.444858
1.5 4.6 0.367879
1.5 4.7 0.298197
1.5 4.8 0.236928
1.5 4.9 0.18452
1.5 5 0.140858
1.5 5.1 0.105399
1.5 5.2 0.0773047
1.5 5.3 0.0555762
1.5 5.4 0.0391639
1.5 5.5 0.0270518
1.5 5.6 0.0183156
1.5 5.7 0.0121552
1.5 5.8 0.00790705
1.5 5.9 0.00504176
1.5 6 0.00315111
1.5 6.1 0.00193045
1.5 6.2 0.00115923
1.5 6.3 0.000682328
1.5 6.4 0.000393669
1.5 6.5 0.00022263
1.5 6.6 0.00012341
1.5 6.7 6.70548e-05
1.5 6.8 3.57128e-05
1.5 6.9 1.86437e-05
1.5 7 9.54016e-06
1.5 7.1 4.78512e-06
1.5 7.2 2.35258e-06
1.5 7.3 1.13373e-06
1.5 7.4 5.35535e-07
1.5 7.5 2.4796e-07
1.5 7.6 1.12535e-07
1.5 7.7 5.00622e-08
1.5 7.8 2.18296e-08
1.5 7.9 9.33029e-09
1.5 8 3.90894e-09
1.5 8.1 1.60523e-09
1.5 8.2 6.46143e-10
1.5 8.3 2.54938e-10
1.5 8.4 9.85951e-11
1.5 8.5 3.73757e-11
1.5 8.6 1.38879e-11
1.5 8.7 5.05825e-12
1.5 8.8 1.80583e-12
1.5 8.9 6.31929e-13
1.5 9 2.16757e-13
1.5 9.1 7.28772e-14
1.5 9.2 2.40173e-14
1.5 9.3 7.7584e-15
1.5 9.4 2.4566e-15
1.5 9.5 7.62446e-16
1.5 9.6 2.31952e-16
1.5 9.7 6.91675e-17
1.5 9.8 2.02172e-17
1.5 9.9 5.79231e-18

1.6 0 4.94066e-324
1.6 0.1 4.94066e-324
1.6 0.2 4.94066e-324
1.6 0.3 4.94066e-324
1.6 0.4 4.94066e-324
1.6 0.5 4.94066e-324
1.6 0.6 4.94066e-324
1.6 0.7 4.94066e-324
1.6 0.8 4.94066e-324
1.6 0.9 4.94066e-324
1.6 1 4.94066e-324
1.6 1.1 4.94066e-324
1.6 1.2 4.94066e-324
1.6 1.3 4.94066e-324
1.6 1.4 4.94066e-324
1.6 1.5 4.94066e-324
1.6 1.6 0
1.6 1.7 0.0183156
1.6 1.8 0.0270518
1.6 1.9 0.0391639
1.6 2 0.0555762
1.6 2.1 0.0773047
1.6 2.2 0.105399
1.6 2.3 0.140858
1.6 2.4 0.18452
1.6 2.5 0.236928
1.6 2.6 0.298197
1.6 2.7 0.367879
1.6 2.8 0.444858
1.6 2.9 0.527292
1.6 3 0.612626
1.6 3.1 0.697676
1.6 3.2 0.778801
1.6 3.3 0.852144
1.6 3.4 0.913931
1.6 3.5 0.960789
1.6 3.6 0.99005
1.6 3.7 1
1.6 3.8 0.99005
1.6 3.9 0.960789
1.6 4 0.913931
1.6 4.1 0.852144
1.6 4.2 0.778801
1.6 4.3 0.697676
1.6 4.4 0.612626
1.6 4.5 0.527292
1.6 4.6 0.444858
1.6 4.7 0.367879
1.6 4.8 0.298197
1.6 4.9 0.236928
1.6 5 0.18452
1.6 5.1 0.140858
1.6 5.2 0.105399
1.6 5.3 0.0773047
1.6 5.4 0.0555762
1.6 5.5 0.0391639
1.6 5.6 0.0270518
1.6 5.7 0.0183156
1.6 5.8 0.0121552
1.6 5.9 0.00790705
1.6 6 0.00504176
1.6 6.1 0.00315111
1.6 6.2 0.00193045
1.6 6.3 0.00115923
1.6 6.4 0.000682328
1.6 6.5 0.000393669
1.6 6.6 0.00022263
1.6 6.7 0.00012341
1.6 6.8 6.70548e-05
1.6 6.9 3.57128e-05
1.6 7 1.86437e-05
1.6 7.1 9.54016e-06
1.6 7.2 4.78512e-06
1.6 7.3 2.35258e-06
1.6 7.4 1.13373e-06
1.6 7.5 5.35535e-07
1.6 7.6 2.4796e-07
1.6 7.7 1.12535e-07
1.6 7.8 5.00622e-08
1.6 7.9 2.18296e-08
1.6 8 9.33029e-09
1.6 8.1 3.90894e-09
1.6 8.2 1.60523e-09
1.6 8.3 6.46143e-10
1.6 8.4 2.54938e-10
1.6 8.5 9.85951e-11
1.6 8.6 3.73757e-11
1.6 8.7 1.38879e-11
1.6 8.8 5.05825e-12
1.6 8.9 1.80583e-12
1.6 9 6.31929e-13
1.6 9.1 2.16757e-13
1.6 9.2 7.28772e-14
1.6 9.3 2.40173e-14
1.6 9.4 7.7584e-15
1.6 9.5 2.4566e-15
1.6 9.6 7.62446e-16
1.6 9.7 2.31952e-16
1.6 9.8 6.91675e-17
1.6 9.9 2.02172e-17

1.7 0 4.94066e-324
1.7 0.1 4.94066e-324
1.7 0.2 4.94066e-324
1.7 0.3 4.94066e-324
1.7 0.4 4.94066e-324
1.7 0.5 4.94066e-324
1.7 0.6 4.94066e-324
1.7 0.7 4.94066e-324
1.7 0.8 4.94066e-324
1.7 0.9 4.94066e-324
1.7 1 4.94066e-324
1.7 1.1 4.94066e-324
1.7 1.2 4.94066e-324
1.7 1.3 4.94066e-324
1.7 1.4 4.94066e-324
1.7 1.5 4.94066e-324
1.7 1.6 4.94066e-324
1.7 1.7 0
1.7 1.8 0.0183156
1.7 1.9 0.0270518
1.7 2 0.0391639
1.7 2.1 0.0555762
1.7 2.2 0.0773047
1.7 2.3 0.105399
1.7 2.4 0.140858
1.7 2.5 0.18452
1.7 2.6 0.236928
1.7 2.7 0.298197
1.7 2.8 0.367879
1.7 2.9 0.444858
1.7 3 0.527292
1.7 3.1 0.612626
1.7 3.2 0.697676
1.7 3.3 0.778801
1.7 3.4 0.852144
1.7 3.5 0.913931
1.7 3.6 0.960789
1.7 3.7 0.99005
1.7 3.8 1
1.7 3.9 0.99005
1.7 4 0.960789
1.7 4.1 0.913931
1.7 4.2 0.852144
1.7 4.3 0.778801
1.7 4.4 0.697676
1.7 4.5 0.612626
1.7 4.6 0.527292
1.7 4.7 0.444858
1.7 4.8 0.367879
1.7 4.9 0.298197
1.7 5 0.236928
1.7 5.1 0.18452
1.7 5.2 0.140858
1.7 5.3 0.105399
1.7 5.4 0.0773047
1.7 5.5 0.0555762
1.7 5.6 0.0391639
1.7 5.7 0.0270518
1.7 5.8 0.0183156
1.7 5.9 0.0121552
1.7 6 0.00790705
1.7 6.1 0.00504176
1.7 6.2 0.00315111
1.7 6.3 0.00193045
1.7 6.4 0.00115923
1.7 6.5 0.000682328
1.7 6.6 0.000393669
1.7 6.7 0.00022263
1.7 6.8 0.00012341
1.7 6.9 6.70548e-05
1.7 7 3.57128e-05
1.7 7.1 1.86437e-05
1.7 7.2 9.54016e-06
1.7 7.3 4.78512e-06
1.7 7.4 2.35258e-06
1.7 7.5 1.13373e-06
1.7 7.6 5.35535e-07
1.7 7.7 2.4796e-07
1.7 7.8 1.12535e-07
1.7 7.9 5.00622e-08
1.7 8 2.18296e-08
1.7 8.1 9.33029e-09
1.7 8.2 3.90894e-09
1.7 8.3 1.60523e-09
1.7 8.4 6.46143e-10
1.7 8.5 2.54938e-10
1.7 8.6 9.85951e-11
1.7 8.7 3.73757e-11
1.7 8.8 1.38879e-11
1.7 8.9 5.05825e-12
1.7 9 1.80583e-12
1.7 9.1 6.31929e-13
1.7 9.2 2.16757e-13
1.7 9.3 7.28772e-14
1.7 9.4 2.40173e-14
1.7 9.5 7.7584e-15
1.7 9.6 2.4566e-15
1.7 9.7 7.62446e-16
1.7 9.8 2.31952e-16
1.7 9.9 6.91675e-17

1.8 0 4.94066e-324
1.8 0.1 4.94066e-324
1.8 0.2 4.94066e-324
1.8 0.3 4.94066e-324
1.8 0.4 4.94066e-324
1.8 0.5 4.94066e-324
1.8 0.6 4.94066e-324
1.8 0.7 4.94066e-324
1.8 0.8 4.94066e-324
1.8 0.9 4.94066e-324
1.8 1 4.94066e-324
1.8 1.1 4.94066e-324
1.8 1.2 4.94066e-324
1.8 1.3 4.94066e-324
1.8 1.4 4.94066e-324
1.8 1.5 4.94066e-324
1.8 1.6 4.94066e-324
1.8 1.7 4.94066e-324
1.8 1.8 0
1.8 1.9 0.0183156
1.8 2 0.0270518
1.8 2.1 0.0391639
1.8 2.2 0.0555762
1.8 2.3 0.0773047
1.8 2.4 0.105399
1.8 2.5 0.140858
1.8 2.6 0.18452
1.8 2.7 0.236928
1.8 2.8 0.298197
1.8 2.9 0.367879
1.8 3 0.444858
1.8 3.1 0.527292
1.8 3.2 0.612626
1.8 3.3 0.697676
1.8 3.4 0.778801
1.8 3.5 0.852144
1.8 3.6 0.913931
1.8 3.7 0.960789
1.8 3.8 0.99005
1.8 3.9 1
1.8 4 0.99005
1.8 4.1 0.960789
1.8 4.2 0.913931
1.8 4.3 0.852144
1.8 4.4 0.778801
1.8 4.5 0.697676
1.8 4.6 0.612626
1.8 4.7 0.527292
1.8 4.8 0.444858
1.8 4.9 0.367879
1.8 5 0.298197
1.8 5.1 0.236928
1.8 5.2 0.18452
1.8 5.3 0.140858
1.8 5.4 0.105399
1.8 5.5 0.0773047
1.8 5.6 0.0555762
1.8 5.7 0.0391639
1.8 5.8 0.0270518
1.8 5.9 0.0183156
1.8 6 0.0121552
1.8 6.1 0.00790705
1.8 6.2 0.00504176
1.8 6.3 0.00315111
1.8 6.4 0.00193045
1.8 6.5 0.00115923
1.8 6.6 0.000682328
1.8 6.7 0.000393669
1.8 6.8 0.00022263
1.8 6.9 0.00012341
1.8 7 6.70548e-05
1.8 7.1 3.57128e-05
1.8 7.2 1.86437e-05
1.8 7.3 9.54016e-06
1.8 7.4 4.78512e-06
1.8 7.5 2.35258e-06
1.8 7.6 1.13373e-06
1.8 7.7 5.35535e-07
1.8 7.8 2.4796e-07
1.8 7.9 1.12535e-07
1.8 8 5.00622e-08
1.8 8.1 2.18296e-08
1.8 8.2 9.33029e-09
1.8 8.3 3.90894e-09
1.8 8.4 1.60523e-09
1.8 8.5 6.46143e-10
1.8 8.6 2.54938e-10
1.8 8.7 9.85951e-11
1.8 8.8 3.73757e-11
1.8 8.9 1.38879e-11
1.8 9 5.05825e-12
1.8 9.1 1.80583e-12
1.8 9.2 6.31929e-13
1.8 9.3 2.16757e-13
1.8 9.4 7.28772e-14
1.8 9.5 2.40173e-14
1.8 9.6 7.7584e-15
1.8 9.7 2.4566e-15
1.8 9.8 7.62446e-16
1.8 9.9 2.31952e-16

1.9 0 4.94066e-324
1.9 0.1 4.94066e-324
1.9 0.2 4.94066e-324
1.9 0.3 4.94066e-324
1.9 0.4 4.94066e-324
1.9 0.5 4.94066e-324
1.9 0.6 4.94066e-324
1.9 0.7 4.94066e-324
1.9 0.8 4.94066e-324
1.9 0.9 4.94066e-324
1.9 1 4.94066e-324
1.9 1.1 4.94066e-324
1.9 1.2 4.94066e-324
1.9 1.3 4.94066e-324
1.9 1.4 4.94066e-324
1.9 1.5 4.94066e-324
1.9 1.6 4.94066e-324
1.9 1.7 4.94066e-324
1.9 1.8 4.94066e-324
1.9 1.9 0
1.9 2 0.0183156
1.9 2.1 0.0270518
1.9 2.2 0.0391639
1.9 2.3 0.0555762
1.9 2.4 0.0773047
1.9 2.5 0.105399
1.9 2.6 0.140858
1.9 2.7 0.18452
1.9 2.8 0.236928
1.9 2.9 0.298197
1.9 3 0.367879
1.9 3.1 0.444858
1.9 3.2 0.527292
1.9 3.3 0.612626
1.9 3.4 0.697676
1.9 3.5 0.778801
1.9 3.6 0.852144
1.9 3.7 0.913931
1.9 3.8 0.960789
1.9 3.9 0.99005
1.9 4 1
1.9 4.1 0.99005
1.9 4.2 0.960789
1.9 4.3 0.913931
1.9 4.4 0.852144
1.9 4.5 0.778801
1.9 4.6 0.697676
1.9 4.7 0.612626
1.9 4.8 0.527292
1.9 4.9 0.444858
1.9 5 0.367879
1.9 5.1 0.298197
1.9 5.2 0.236928
1.9 5.3 0.18452
1.9 5.4 0.140858
1.9 5.5 0.105399
1.9 5.6 0.0773047
1.9 5.7 0.0555762
1.9 5.8 0.0391639
1.9 5.9 0.0270518
1.9 6 0.0183156
1.9 6.1 0.0121552
1.9 6.2 0.00790705
1.9 6.3 0.00504176
1.9 6.4 0.00315111
1.9 6.5 0.00193045
1.9 6.6 0.00115923
1.9 6.7 0.000682328
1.9 6.8 0.000393669
1.9 6.9 0.00022263
1.9 7 0.00012341
1.9 7.1 6.70548e-05
1.9 7.2 3.57128e-05
1.9 7.3 1.86437e-05
1.9 7.4 9.54016e-06
1.9 7.5 4.78512e-06
1.9 7.6 2.35258e-06
1.9 7.7 1.13373e-06
1.9 7.8 5.35535e-07
1.9 7.9 2.4796e-07
1.9 8 1.12535e-07
1.9 8.1 5.00622e-08
1.9 8.2 2.18296e-08
1.9 8.3 9.33029e-09
1.9 8.4 3.90894e-09
1.9 8.5 1.60523e-09
1.9 8.6 6.46143e-10
1.9 8.7 2.54938e-10
1.9 8.8 9.85951e-11
1.9 8.9 3.73757e-11
1.9 9 1.38879e-11
1.9 9.1 5.05825e-12
1.9 9.2 1.80583e-12
1.9 9.3 6.31929e-13
1.9 9.4 2.16757e-13
1.9 9.5 7.28772e-14
1.9 9.6 2.40173e-14
1.9 9.7 7.7584e-15
1.9 9.8 2.4566e-15
1.9 9.9 7.62446e-16

2 0 4.94066e-324
2 0.1 4.94066e-324
2 0.2 4.94066e-324
2 0.3 4.94066e-324
2 0.4 4.94066e-324
2 0.5 4.94066e-324
2 0.6 4.94066e-324
2 0.7 4.94066e-324
2 0.8 4.94066e-324
2 0.9 4.94066e-324
2 1 4.94066e-324
2 1.1 4.94066e-324
2 1.2 4.94066e-324
2 1.3 4.94066e-324
2 1.4 4.94066e-324
2 1.5 4.94066e-324
2 1.6 4.94066e-324
2 1.7 4.94066e-324
2 1.8 4.94066e-324
2 1.9 4.94066e-324
2 2 0
2 2.1 0.0183156
2 2.2 0.0270518
2 2.3 0.0391639
2 2.4 0.0555762
2 2.5 0.0773047
2 2.6 0.105399
2 2.7 0.140858
2 2.8 0.18452
2 2.9 0.236928
2 3 0.298197
2 3.1 0.367879
2 3.2 0.444858
2 3.3 0.527292
2 3.4 0.612626
2 3.5 0.697676
2 3.6 0.778801
2 3.7 0.852144
2 3.8 0.913931
2 3.9 0.960789
2 4 0.99005
2 4.1 1
2 4.2 0.99005
2 4.3 0.960789
2 4.4 0.913931
2 4.5 0.852144
2 4.6 0.778801
2 4.7 0.697676
2 4.8 0.612626
2 4.9 0.527292
2 5 0.444858
2 5.1 0.367879
2 5.2 0.298197
2 5.3 0.236928
2 5.4 0.18452
2 5.5 0.140858
2 5.6 0.105399
2 5.7 0.0773047
2 5.8 0.0555762
2 5.9 0.0391639
2 6 0.0270518
2 6.1 0.0183156
2 6.2 0.0121552
2 6.3 0.00790705
2 6.4 0.00504176
2 6.5 0.00315111
2 6.6 0.00193045
2 6.7 0.00115923
2 6.8 0.000682328
2 6.9 0.000393669
2 7 0.00022263
2 7.1 0.00012341
2 7.2 6.70548e-05
2 7.3 3.57128e-05
2 7.4 1.86437e-05
2 7.5 9.54016e-06
2 7.6 4.78512e-06
2 7.7 2.35258e-06
2 7.8 1.13373e-06
2 7.9 5.35535e-07
2 8 2.4796e-07
2 8.1 1.12535e-07
2 8.2 5.00622e-08
2 8.3 2.18296e-08
2 8.4 9.33029e-09
2 8.5 3.90894e-09
2 8.6 1.60523e-09
2 8.7 6.46143e-10
2 8.8 2.54938e-10
2 8.9 9.85951e-11
2 9 3.73757e-11
2 9.1 1.38879e-11
2 9.2 5.05825e-12
2 9.3 1.80583e-12
2 9.4 6.31929e-13
2 9.5 2.16757e-13
2 9.6 7.28772e-14
2 9.7 2.40173e-14
2 9.8 7.7584e-15
2 9.9 2.4566e-15

2.1 0 4.94066e-324
2.1 0.1 4.94066e-324
2.1 0.2 4.94066e-324
2.1 0.3 4.94066e-324
2.1 0.4 4.94066e-324
2.1 0.5 4.94066e-324
2.1 0.6 4.94066e-324
2.1 0.7 4.94066e-324
2.1 0.8 4.94066e-324
2.1 0.9 4.94066e-324
2.1 1 4.94066e-324
2.1 1.1 4.94066e-324
2.1 1.2 4.94066e-324
2.1 1.3 4.94066e-324
2.1 1.4 4.94066e-324
2.1 1.5 4.94066e-324
2.1 1.6 4.94066e-324
2.1 1.7 4.94066e-324
2.1 1.8 4.94066e-324
2.1 1.9 4.94066e-324
2.1 2 4.94066e-324
2.1 2.1 0
2.1 2.2 0.0183156
2.1 2.3 0.0270518
2.1 2.4 0.0391639
2.1 2.5 0.0555762
2.1 2.6 0.0773047
2.1 2.7 0.105399
2.1 2.8 0.140858
2.1 2.9 0.18452
2.1 3 0.236928
2.1 3.1 0.298197
2.1 3.2 0.367879
2.1 3.3 0.444858
2.1 3.4 0.527292
2.1 3.5 0.612626
2.1 3.6 0.697676
2.1 3.7 0.778801
2.1 3.8 0.852144
2.1 3.9 0.913931
2.1 4 0.960789
2.1 4.1 0.99005
2.1 4.2 1
2.1 4.3 0.99005
2.1 4.4 0.960789
2.1 4.5 0.913931
2.1 4.6 0.852144
2.1 4.7 0.778801
2.1 4.8 0.697676
2.1 4.9 0.612626
2.1 5 0.527292
2.1 5.1 0.444858
2.1 5.2 0.367879
2.1 5.3 0.298197
2.1 5.4 0.236928
2.1 5.5 0.18452
2.1 5.6 0.140858
2.1 5.7 0.105399
2.1 5.8 0.0773047
2.1 5.9 0.0555762
2.1 6 0.0391639
2.1 6.1 0.0270518
2.1 6.2 0.0183156
2.1 6.3 0.0121552
2.1 6.4 0.00790705
2.1 6.5 0.00504176
2.1 6.6 0.00315111
2.1 6.7 0.00193045
2.1 6.8 0.00115923
2.1 6.9 0.000682328
2.1 7 0.000393669
2.1 7.1 0.00022263
2.1 7.2 0.00012341
2.1 7.3 6.70548e-05
2.1 7.4 3.57128e-05
2.1 7.5 1.86437e-05
2.1 7.6 9.54016e-06
2.1 7.7 4.78512e-06
2.1 7.8 2.35258e-06
2.1 7.9 1.13373e-06
2.1 8 5.35535e-07
2.1 8.1 2.4796e-07
2.1 8.2 1.12535e-07
2.1 8.3 5.00622e-08
2.1 8.4 2.18296e-08
2.1 8.5 9.33029e-09
2.1 8.6 3.90894e-09
2.1 8.7 1.60523e-09
2.1 8.8 6.46143e-10
2.1 8.9 2.54938e-10
2.1 9 9.85951e-11
2.1 9.1 3.73757e-11
2.1 9.2 1.38879e-11
2.1 9.3 5.05825e-12
2.1 9.4 1.80583e-12
2.1 9.5 6.31929e-13
2.1 9.6 2.16757e-13
2.1 9.7 7.28772e-14
2.1 9.8 2.40173e-14
2.1 9.9 7.7584e-15

2.2 0 4.94066e-324
2.2 0.1 4.94066e-324
2.2 0.2 4.94066e-324
2.2 0.3 4.94066e-324
2.2 0.4 4.94066e-324
2.2 0.5 4.94066e-324
2.2 0.6 4.94066e-324
2.2 0.7 4.94066e-324
2.2 0.8 4.94066e-324
2.2 0.9 4.94066e-324
2.2 1 4.94066e-324
2.2 1.1 4.94066e-324
2.2 1.2 4.94066e-324
2.2 1.3 4.94066e-324
2.2 1.4 4.94066e-324
2.2 1.5 4.94066e-324
2.2 1.6 4.94066e-324
2.2 1.7 4.94066e-324
2.2 1.8 4.94066e-324
2.2 1.9 4.94066e-324
2.2 2 4.94066e-324
2.2 2.1 4.94066e-324
2.2 2.2 0
2.2 2.3 0.0183156
2.2 2.4 0.0270518
2.2 2.5 0.0391639
2.2 2.6 0.0555762
2.2 2.7 0.0773047
2.2 2.8 0.105399
2.2 2.9 0.140858
2.2 3 0.18452
2.2 3.1 0.236928
2.2 3.2 0.298197
2.2 3.3 0.367879
2.2 3.4 0.444858
2.2 3.5 0.527292
2.2 3.6 0.612626
2.2 3.7 0.697676
2.2 3.8 0.778801
2.2 3.9 0.852144
2.2 4 0.913931
2.2 4.1 0.960789
2.2 4.2 0.99005
2.2 4.3 1
2.2 4.4 0.99005
2.2 4.5 0.960789
2.2 4.6 0.913931
2.2 4.7 0.852144
2.2 4.8 0.778801
2.2 4.9 0.697676
2.2 5 0.612626
2.2 5.1 0.527292
2.2 5.2 0.444858
2.2 5.3 0.367879
2.2 5.4 0.298197
2.2 5.5 0.236928
2.2 5.6 0.18452
2.2 5.7 0.140858
2.2 5.8 0.105399
2.2 5.9 0.0773047
2.2 6 0.0555762
2.2 6.1 0.0391639
2.2 6.2 0.0270518
2.2 6.3 0.0183156
2.2 6.4 0.0121552
2.2 6.5 0.00790705
2.2 6.6 0.00504176
2.2 6.7 0.00315111
2.2 6.8 0.00193045
2.2 6.9 0.00115923
2.2 7 0.000682328
2.2 7.1 0.000393669
2.2 7.2 0.00022263
2.2 7.3 0.00012341
2.2 7.4 6.70548e-05
2.2 7.5 3.57128e-05
2.2 7.6 1.86437e-05
2.2 7.7 9.54016e-06
2.2 7.8 4.78512e-06
2.2 7.9 2.35258e-06
2.2 8 1.13373e-06
2.2 8.1 5.35535e-07
2.2 8.2 2.4796e-07
2.2 8.3 1.12535e-07
2.2 8.4 5.00622e-08
2.2 8.5 2.18296e-08
2.2 8.6 9.33029e-09
2.2 8.7 3.90894e-09
2.2 8.8 1.60523e-09
2.2 8.9 6.46143e-10
2.2 9 2.54938e-10
2.2 9.1 9.85951e-11
2.2 9.2 3.73757e-11
2.2 9.3 1.38879e-11
2.2 9.4 5.05825e-12
2.2 9.5 1.80583e-12
2.2 9.6 6.31929e-13
2.2 9.7 2.16757e-13
2.2 9.8 7.28772e-14
2.2 9.9 2.40173e-14

2.3 0 4.94066e-324
2.3 0.1 4.94066e-324
2.3 0.2 4.94066e-324
2.3 0.3 4.94066e-324
2.3 0.4 4.94066e-324
2.3 0.5 4.94066e-324
2.3 0.6 4.94066e-324
2.3 0.7 4.94066e-324
2.3 0.8 4.94066e-324
2.3 0.9 4.94066e-324
2.3 1 4.94066e-324
2.3 1.1 4.94066e-324
2.3 1.2 4.94066e-324
2.3 1.3 4.94066e-324
2.3 1.4 4.94066e-324
2.3 1.5 4.94066e-324
2.3 1.6 4.94066e-324
2.3 1.7 4.94066e-324
2.3 1.8 4.94066e-324
2.3 1.9 4.94066e-324
2.3 2 4.94066e-324
2.3 2.1 4.94066e-324
2.3 2.2 4.94066e-324
2.3 2.3 0
2.3 2.4 0.0183156
2.3 2.5 0.0270518
2.3 2.6 0.0391639
2.3 2.7 0.0555762
2.3 2.8 0.0773047
2.3 2.9 0.105399
2.3 3 0.140858
2.3 3.1 0.18452
2.3 3.2 0.236928
2.3 3.3 0.298197
2.3 3.4 0.367879
2.3 3.5 0.444858
2.3 3.6 0.527292
2.3 3.7 0.612626
2.3 3.8 0.697676
2.3 3.9 0.778801
2.3 4 0.852144
2.3 4.1 0.913931
2.3 4.2 0.960789
2.3 4.3 0.99005
2.3 4.4 1
2.3 4.5 0.99005
2.3 4.6 0.960789
2.3 4.7 0.913931
2.3 4.8 0.852144
2.3 4.9 0.778801
2.3 5 0.697676
2.3 5.1 0.612626
2.3 5.2 0.527292
2.3 5.3 0.444858
2.3 5.4 0.367879
2.3 5.5 0.298197
2.3 5.6 0.236928
2.3 5.7 0.18452
2.3 5.8 0.140858
2.3 5.9 0.105399
2.3 6 0.0773047
2.3 6.1 0.0555762
2.3 6.2 0.0391639
2.3 6.3 0.0270518
2.3 6.4 0.0183156
2.3 6.5 0.0121552
2.3 6.6 0.00790705
2.3 6.7 0.00504176
2.3 6.8 0.00315111
2.3 6.9 0.00193045
2.3 7 0.00115923
2.3 7.1 0.000682328
2.3 7.2 0.000393669
2.3 7.3 0.00022263
2.3 7.4 0.00012341
2.3 7.5 6.70548e-05
2.3 7.6 3.57128e-05
2.3 7.7 1.86437e-05
2.3 7.8 9.54016e-06
2.3 7.9 4.78512e-06
2.3 8 2.35258e-06
2.3 8.1 1.13373e-06
2.3 8.2 5.35535e-07
2.3 8.3 2.4796e-07
2.3 8.4 1.12535e-07
2.3 8.5 5.00622e-08
2.3 8.6 2.18296e-08
2.3 8.7 9.33029e-09
2.3 8.8 3.90894e-09
2.3 8.9 1.60523e-09
2.3 9 6.46143e-10
2.3 9.1 2.54938e-10
2.3 9.2 9.85951e-11
2.3 9.3 3.73757e-11
2.3 9.4 1.38879e-11
2.3 9.5 5.05825e-12
2.3 9.6 1.80583e-12
2.3 9.7 6.31929e-13
2.3 9.8 2.16757e-13
2.3 9.9 7.28772e-14

2.4 0 4.94066e-324
2.4 0.1 4.94066e-324
2.4 0.2 4.94066e-324
2.4 0.3 4.94066e-324
2.4 0.4 4.94066e-324
2.4 0.5 4.94066e-324
2.4 0.6 4.94066e-324
2.4 0.7 4.94066e-324
2.4 0.8 4.94066e-324
2.4 0.9 4.94066e-324
2.4 1 4.94066e-324
2.4 1.1 4.94066e-324
2.4 1.2 4.94066e-324
2.4 1.3 4.94066e-324
2.4 1.4 4.94066e-324
2.4 1.5 4.94066e-324
2.4 1.6 4.94066e-324
2.4 1.7 4.94066e-324
2.4 1.8 4.94066e-324
2.4 1.9 4.94066e-324
2.4 2 4.94066e-324
2.4 2.1 4.94066e-324
2.4 2.2 4.94066e-324
2.4 2.3 4.94066e-324
2.4 2.4 0
2.4 2.5 0.0183156
2.4 2.6 0.0270518
2.4 2.7 0.0391639
2.4 2.8 0.0555762
2.4 2.9 0.0773047
2.4 3 0.105399
2.4 3.1 0.140858
2.4 3.2 0.18452
2.4 3.3 0.236928
2.4 3.4 0.298197
2.4 3.5 0.367879
2.4 3.6 0.444858
2.4 3.7 0.527292
2.4 3.8 0.612626
2.4 3.9 0.697676
2.4 4 0.778801
2.4 4.1 0.852144
2.4 4.2 0.913931
2.4 4.3 0.960789
2.4 4.4 0.99005
2.4 4.5 1
2.4 4.6 0.99005
2.4 4.7 0.960789
2.4 4.8 0.913931
2.4 4.9 0.852144
2.4 5 0.778801
2.4 5.1 0.697676
2.4 5.2 0.612626
2.4 5.3 0.527292
2.4 5.4 0.444858
2.4 5.5 0.367879
2.4 5.6 0.298197
2.4 5.7 0.236928
2.4 5.8 0.18452
2.4 5.9 0.140858
2.4 6 0.105399
2.4 6.1 0.0773047
2.4 6.2 0.0555762
2.4 6.3 0.0391639
2.4 6.4 0.0270518
2.4 6.5 0.0183156
2.4 6.6 0.0121552
2.4 6.7 0.00790705
2.4 6.8 0.00504176
2.4 6.9 0.00315111
2.4 7 0.00193045
2.4 7.1 0.00115923
2.4 7.2 0.000682328
2.4 7.3 0.000393669
2.4 7.4 0.00022263
2.4 7.5 0.00012341
2.4 7.6 6.70548e-05
2.4 7.7 3.57128e-05
2.4 7.8 1.86437e-05
2.4 7.9 9.54016e-06
2.4 8 4.78512e-06
2.4 8.1 2.35258e-06
2.4 8.2 1.13373e-06
2.4 8.3 5.35535e-07
2.4 8.4 2.4796e-07
2.4 8.5 1.12535e-07
2.4 8.6 5.00622e-08
2.4 8.7 2.18296e-08
2.4 8.8 9.33029e-09
2.4 8.9 3.90894e-09
2.4 9 1.60523e-09
2.4 9.1 6.46143e-10
2.4 9.2 2.54938e-10
2.4 9.3 9.85951e-11
2.4 9.4 3.73757e-11
2.4 9.5 1.38879e-11
2.4 9.6 5.05825e-12
2.4 9.7 1.80583e-12
2.4 9.8 6.31929e-13
2.4 9.9 2.16757e-13

2.5 0 4.94066e-324
2.5 0.1 4.94066e-324
2.5 0.2 4.94066e-324
2.5 0.3 4.94066e-324
2.5 0.4 4.94066e-324
2.5 0.5 4.94066e-324
2.5 0.6 4.94066e-324
2.5 0.7 4.94066e-324
2.5 0.8 4.94066e-324
2.5 0.9 4.94066e-324
2.5 1 4.94066e-324
2.5 1.1 4.94066e-324
2.5 1.2 4.94066e-324
2.5 1.3 4.94066e-324
2.5 1.4 4.94066e-324
2.5 1.5 4.94066e-324
2.5 1.6 4.94066e-324
2.5 1.7 4.94066e-324
2.5 1.8 4.94066e-324
2.5 1.9 4.94066e-324
2.5 2 4.94066e-324
2.5 2.1 4.94066e-324
2.5 2.2 4.94066e-324
2.5 2.3 4.94066e-324
2.5 2.4 4.94066e-324
2.5 2.5 0
2.5 2.6 0.0183156
2.5 2.7 0.0270518
2.5 2.8 0.0391639
2.5 2.9 0.0555762
2.5 3 0.0773047
2.5 3.1 0.105399
2.5 3.2 0.140858
2.5 3.3 0.18452
2.5 3.4 0.236928
2.5 3.5 0.298197
2.5 3.6 0.367879
2.5 3.7 0.444858
2.5 3.8 0.527292
2.5 3.9 0.612626
2.5 4 0.697676
2.5 4.1 0.778801
2.5 4.2 0.852144
2.5 4.3 0.913931
2.5 4.4 0.960789
2.5 4.5 0.99005
2.5 4.6 1
2.5 4.7 0.99005
2.5 4.8 0.960789
2.5 4.9 0.913931
2.5 5 0.852144
2.5 5.1 0.778801
2.5 5.2 0.697676
2.5 5.3 0.612626
2.5 5.4 0.527292
2.5 5.5 0.444858
2.5 5.6 0.367879
2.5 5.7 0.298197
2.5 5.8 0.236928
2.5 5.9 0.18452
2.5 6 0.140858
2.5 6.1 0.105399
2.5 6.2 0.0773047
2.5 6.3 0.0555762
2.5 6.4 0.0391639
2.5 6.5 0.0270518
2.5 6.6 0.0183156
2.5 6.7 0.0121552
2.5 6.8 0.00790705
2.5 6.9 0.00504176
2.5 7 0.00315111
2.5 7.1 0.00193045
2.5 7.2 0.00115923
2.5 7.3 0.000682328
2.5 7.4 0.000393669
2.5 7.5 0.00022263
2.5 7.6 0.00012341
2.5 7.7 6.70548e-05
2.5 7.8 3.57128e-05
2.5 7.9 1.86437e-05
2.5 8 9.54016e-06
2.5 8.1 4.78512e-06
2.5 8.2 2.35258e-06
2.5 8.3 1.13373e-06
2.5 8.4 5.35535e-07
2.5 8.5 2.4796e-07
2.5 8.6 1.12535e-07
2.5 8.7 5.00622e-08
2.5 8.8 2.18296e-08
2.5 8.9 9.33029e-09
2.5 9 3.90894e-09
2.5 9.1 1.60523e-09
2.5 9.2 6.46143e-10
2.5 9.3 2.54938e-10
2.5 9.4 9.85951e-11
2.5 9.5 3.73757e-11
2.5 9.6 1.38879e-11
2.5 9.7 5.05825e-12
2.5 9.8 1.80583e-12
2.5 9.9 6.31929e-13

2.6 0 4.94066e-324
2.6 0.1 4.94066e-324
2.6 0.2 4.94066e-324
2.6 0.3 4.94066e-324
2.6 0.4 4.94066e-324
2.6 0.5 4.94066e-324
2.6 0.6 4.94066e-324
2.6 0.7 4.94066e-324
2.6 0.8 4.94066e-324
2.6 0.9 4.94066e-324
2.6 1 4.94066e-324
2.6 1.1 4.94066e-324
2.6 1.2 4.94066e-324
2.6 1.3 4.94066e-324
2.6 1.4 4.94066e-324
2.6 1.5 4.94066e-324
2.6 1.6 4.94066e-324
2.6 1.7 4.94066e-324
2.6 1.8 4.94066e-324
2.6 1.9 4.94066e-324
2.6 2 4.94066e-324
2.6 2.1 4.94066e-324
2.6 2.2 4.94066e-324
2.6 2.3 4.94066e-324
2.6 2.4 4.94066e-324
2.6 2.5 4.94066e-324
2.6 2.6 0
2.6 2.7 0.0183156
2.6 2.8 0.0270518
2.6 2.9 0.0391639
2.6 3 0.0555762
2.6 3.1 0.0773047
2.6 3.2 0.105399
2.6 3.3 0.140858
2.6 3.4 0.18452
2.6 3.5 0.236928
2.6 3.6 0.298197
2.6 3.7 0.367879
2.6 3.8 0.444858
2.6 3.9 0.527292
2.6 4 0.612626
2.6 4.1 0.697676
2.6 4.2 0.778801
2.6 4.3 0.852144
2.6 4.4 0.913931
2.6 4.5 0.960789
2.6 4.6 0.99005
2.6 4.7 1
2.6 4.8 0.99005
2.6 4.9 0.960789
2.6 5 0.913931
2.6 5.1 0.852144
2.6 5.2 0.778801
2.6 5.3 0.697676
2.6 5.4 0.612626
2.6 5.5 0.527292
2.6 5.6 0.444858
2.6 5.7 0.367879
2.6 5.8 0.298197
2.6 5.9 0.236928
2.6 6 0.18452
2.6 6.1 0.140858
2.6 6.2 0.105399
2.6 6.3 0.0773047
2.6 6.4 0.0555762
2.6 6.5 0.0391639
2.6 6.6 0.0270518
2.6 6.7 0.0183156
2.6 6.8 0.0121552
2.6 6.9 0.00790705
2.6 7 0.00504176
2.6 7.1 0.00315111
2.6 7.2 0.00193045
2.6 7.3 0.00115923
2.6 7.4 0.000682328
2.6 7.5 0.000393669
2.6 7.6 0.00022263
2.6 7.7 0.00012341
2.6 7.8 6.70548e-05
2.6 7.9 3.57128e-05
2.6 8 1.86437e-05
2.6 8.1 9.54016e-06
2.6 8.2 4.78512e-06
2.6 8.3 2.35258e-06
2.6 8.4 1.13373e-06
2.6 8.5 5.35535e-07
2.6 8.6 2.4796e-07
2.6 8.7 1.12535e-07
2.6 8.8 5.00622e-08
2.6 8.9 2.18296e-08
2.6 9 9.33029e-09
2.6 9.1 3.90894e-09
2.6 9.2 1.60523e-09
2.6 9.3 6.46143e-10
2.6 9.4 2.54938e-10
2.6 9.5 9.85951e-11
2.6 9.6 3.73757e-11
2.6 9.7 1.38879e-11
2.6 9.8 5.05825e-12
2.6 9.9 1.80583e-12

2.7 0 4.94066e-324
2.7 0.1 4.94066e-324
2.7 0.2 4.94066e-324
2.7 0.3 4.94066e-324
2.7 0.4 4.94066e-324
2.7 0.5 4.94066e-324
2.7 0.6 4.94066e-324
2.7 0.7 4.94066e-324
2.7 0.8 4.94066e-324
2.7 0.9 4.94066e-324
2.7 1 4.94066e-324
2.7 1.1 4.94066e-324
2.7 1.2 4.94066e-324
2.7 1.3 4.94066e-324
2.7 1.4 4.94066e-324
2.7 1.5 4.94066e-324
2.7 1.6 4.94066e-324
2.7 1.7 4.94066e-324
2.7 1.8 4.94066e-324
2.7 1.9 4.94066e-324
2.7 2 4.94066e-324
2.7 2.1 4.94066e-324
2.7 2.2 4.94066e-324
2.7 2.3 4.94066e-324
2.7 2.4 4.94066e-324
2.7 2.5 4.94066e-324
2.7 2.6 4.94066e-324
2.7 2.7 0
2.7 2.8 0.0183156
2.7 2.9 0.0270518
2.7 3 0.0391639
2.7 3.1 0.0555762
2.7 3.2 0.0773047
2.7 3.3 0.105399
2.7 3.4 0.140858
2.7 3.5 0.18452
2.7 3.6 0.236928
2.7 3.7 0.298197
2.7 3.8 0.367879
2.7 3.9 0.444858
2.7 4 0.527292
2.7 4.1 0.612626
2.7 4.2 0.697676
2.7 4.3 0.778801
2.7 4.4 0.852144
2.7 4.5 0.913931
2.7 4.6 0.960789
2.7 4.7 0.99005
2.7 4.8 1
2.7 4.9 0.99005
2.7 5 0.960789
2.7 5.1 0.913931
2.7 5.2 0.852144
2.7 5.3 0.778801
2.7 5.4 0.697676
2.7 5.5 0.612626
2.7 5.6 0.527292
2.7 5.7 0.444858
2.7 5.8 0.367879
2.7 5.9 0.298197
2.7 6 0.236928
2.7 6.1 0.18452
2.7 6.2 0.140858
2.7 6.3 0.105399
2.7 6.4 0.0773047
2.7 6.5 0.0555762
2.7 6.6 0.0391639
2.7 6.7 0.0270518
2.7 6.8 0.0183156
2.7 6.9 0.0121552
2.7 7 0.00790705
2.7 7.1 0.00504176
2.7 7.2 0.00315111
2.7 7.3 0.00193045
2.7 7.4 0.00115923
2.7 7.5 0.000682328
2.7 7.6 0.000393669
2.7 7.7 0.00022263
2.7 7.8 0.00012341
2.7 7.9 6.70548e-05
2.7 8 3.57128e-05
2.7 8.1 1.86437e-05
2.7 8.2 9.54016e-06
2.7 8.3 4.78512e-06
2.7 8.4 2.35258e-06
2.7 8.5 1.13373e-06
2.7 8.6 5.35535e-07
2.7 8.7 2.4796e-07
2.7 8.8 1.12535e-07
2.7 8.9 5.00622e-08
2.7 9 2.18296e-08
2.7 9.1 9.33029e-09
2.7 9.2 3.90894e-09
2.7 9.3 1.60523e-09
2.7 9.4 6.46143e-10
2.7 9.5 2.54938e-10
2.7 9.6 9.85951e-11
2.7 9.7 3.73757e-11
2.7 9.8 1.38879e-11
2.7 9.9 5.05825e-12

2.8 0 4.94066e-324
2.8 0.1 4.94066e-324
2.8 0.2 4.94066e-324
2.8 0.3 4.94066e-324
2.8 0.4 4.94066e-324
2.8 0.5 4.94066e-324
2.8 0.6 4.94066e-324
2.8 0.7 4.94066e-324
2.8 0.8 4.94066e-324
2.8 0.9 4.94066e-324
2.8 1 4.94066e-324
2.8 1.1 4.94066e-324
2.8 1.2 4.94066e-324
2.8 1.3 4.94066e-324
2.8 1.4 4.94066e-324
2.8 1.5 4.94066e-324
2.8 1.6 4.94066e-324
2.8 1.7 4.94066e-324
2.8 1.8 4.94066e-324
2.8 1.9 4.94066e-324
2.8 2 4.94066e-324
2.8 2.1 4.94066e-324
2.8 2.2 4.94066e-324
2.8 2.3 4.94066e-324
2.8 2.4 4.94066e-324
2.8 2.5 4.94066e-324
2.8 2.6 4.94066e-324
2.8 2.7 4.94066e-324
2.8 2.8 0
2.8 2.9 0.0183156
2.8 3 0.0270518
2.8 3.1 0.0391639
2.8 3.2 0.0555762
2.8 3.3 0.0773047
2.8 3.4 0.105399
2.8 3.5 0.140858
2.8 3.6 0.18452
2.8 3.7 0.236928
2.8 3.8 0.298197
2.8 3.9 0.367879
2.8 4 0.444858
2.8 4.1 0.527292
2.8 4.2 0.612626
2.8 4.3 0.697676
2.8 4.4 0.778801
2.8 4.5 0.852144
2.8 4.6 0.913931
2.8 4.7 0.960789
2.8 4.8 0.99005
2.8 4.9 1
2.8 5 0.99005
2.8 5.1 0.960789
2.8 5.2 0.913931
2.8 5.3 0.852144
2.8 5.4 0.778801
2.8 5.5 0.697676
2.8 5.6 0.612626
2.8 5.7 0.527292
2.8 5.8 0.444858
2.8 5.9 0.367879
2.8 6 0.298197
2.8 6.1 0.236928
2.8 6.2 0.18452
2.8 6.3 0.140858
2.8 6.4 0.105399
2.8 6.5 0.0773047
2.8 6.6 0.0555762
2.8 6.7 0.0391639
2.8 6.8 0.0270518
2.8 6.9 0.0183156
2.8 7 0.0121552
2.8 7.1 0.00790705
2.8 7.2 0.00504176
2.8 7.3 0.00315111
2.8 7.4 0.00193045
2.8 7.5 0.00115923
2.8 7.6 0.000682328
2.8 7.7 0.000393669
2.8 7.8 0.00022263
2.8 7.9 0.00012341
2.8 8 6.70548e-05
2.8 8.1 3.57128e-05
2.8 8.2 1.86437e-05
2.8 8.3 9.54016e-06
2.8 8.4 4.78512e-06
2.8 8.5 2.35258e-06
2.8 8.6 1.13373e-06
2.8 8.7 5.35535e-07
2.8 8.8 2.4796e-07
2.8 8.9 1.12535e-07
2.8 9 5.00622e-08
2.8 9.1 2.18296e-08
2.8 9.2 9.33029e-09
2.8 9.3 3.90894e-09
2.8 9.4 1.60523e-09
2.8 9.5 6.46143e-10
2.8 9.6 2.54938e-10
2.8 9.7 9.85951e-11
2.8 9.8 3.73757e-11
2.8 9.9 1.38879e-11

2.9 0 4.94066e-324
2.9 0.1 4.94066e-324
2.9 0.2 4.94066e-324
2.9 0.3 4.94066e-324
2.9 0.4 4.94066e-324
2.9 0.5 4.94066e-324
2.9 0.6 4.94066e-324
2.9 0.7 4.94066e-324
2.9 0.8 4.94066e-324
2.9 0.9 4.94066e-324
2.9 1 4.94066e-324
2.9 1.1 4.94066e-324
2.9 1.2 4.94066e-324
2.9 1.3 4.94066e-324
2.9 1.4 4.94066e-324
2.9 1.5 4.94066e-324
2.9 1.6 4.94066e-324
2.9 1.7 4.94066e-324
2.9 1.8 4.94066e-324
2.9 1.9 4.94066e-324
2.9 2 4.94066e-324
2.9 2.1 4.94066e-324
2.9 2.2 4.94066e-324
2.9 2.3 4.94066e-324
2.9 2.4 4.94066e-324
2.9 2.5 4.94066e-324
2.9 2.6 4.94066e-324
2.9 2.7 4.94066e-324
2.9 2.8 4.94066e-324
2.9 2.9 0
2.9 3 0.0183156
2.9 3.1 0.0270518
2.9 3.2 0.0391639
2.9 3.3 0.0555762
2.9 3.4 0.0773047
2.9 3.5 0.105399
2.9 3.6 0.140858
2.9 3.7 0.18452
2.9 3.8 0.236928
2.9 3.9 0.298197
2.9 4 0.367879
2.9 4.1 0.444858
2.9 4.2 0.527292
2.9 4.3 0.612626
2.9 4.4 0.697676
2.9 4.5 0.778801
2.9 4.6 0.852144
2.9 4.7 0.913931
2.9 4.8 0.960789
2.9 4.9 0.99005
2.9 5 1
2.9 5.1 0.99005
2.9 5.2 0.960789
2.9 5.3 0.913931
2.9 5.4 0.852144
2.9 5.5 0.778801
2.9 5.6 0.697676
2.9 5.7 0.612626
2.9 5.8 0.527292
2.9 5.9 0.444858
2.9 6 0.367879
2.9 6.1 0.298197
2.9 6.2 0.236928
2.9 6.3 0.18452
2.9 6.4 0.140858
2.9 6.5 0.105399
2.9 6.6 0.0773047
2.9 6.7 0.0555762
2.9 6.8 0.0391639
2.9 6.9 0.0270518
2.9 7 0.0183156
2.9 7.1 0.0121552
2.9 7.2 0.00790705
2.9 7.3 0.00504176
2.9 7.4 0.00315111
2.9 7.5 0.00193045
2.9 7.6 0.00115923
2.9 7.7 0.000682328
2.9 7.8 0.000393669
2.9 7.9 0.00022263
2.9 8 0.00012341
2.9 8.1 6.70548e-05
2.9 8.2 3.57128e-05
2.9 8.3 1.86437e-05
2.9 8.4 9.54016e-06
2.9 8.5 4.78512e-06
2.9 8.6 2.35258e-06
2.9 8.7 1.13373e-06
2.9 8.8 5.35535e-07
2.9 8.9 2.4796e-07
2.9 9 1.12535e-07
2.9 9.1 5.00622e-08
2.9 9.2 2.18296e-08
2.9 9.3 9.33029e-09
2.9 9.4 3.90894e-09
2.9 9.5 1.60523e-09
2.9 9.6 6.46143e-10
2.9 9.7 2.54938e-10
2.9 9.8 9.85951e-11
2.9 9.9 3.73757e-11

3 0 4.94066e-324
3 0.1 4.94066e-324
3 0.2 4.94066e-324
3 0.3 4.94066e-324
3 0.4 4.94066e-324
3 0.5 4.94066e-324
3 0.6 4.94066e-324
3 0.7 4.94066e-324
3 0.8 4.94066e-324
3 0.9 4.94066e-324
3 1 4.94066e-324
3 1.1 4.94066e-324
3 1.2 4.94066e-324
3 1.3 4.94066e-324
3 1.4 4.94066e-324
3 1.5 4.94066e-324
3 1.6 4.94066e-324
3 1.7 4.94066e-324
3 1.8 4.94066e-324
3 1.9 4.94066e-324
3 2 4.94066e-324
3 2.1 4.94066e-324
3 2.2 4.94066e-324
3 2.3 4.94066e-324
3 2.4 4.94066e-324
3 2.5 4.94066e-324
3 2.6 4.94066e-324
3 2.7 4.94066e-324
3 2.8 4.94066e-324
3 2.9 4.94066e-324
3 3 0
3 3.1 0.0183156
3 3.2 0.0270518
3 3.3 0.0391639
3 3.4 0.0555762
3 3.5 0.0773047
3 3.6 0.105399
3 3.7 0.140858
3 3.8 0.18452
3 3.9 0.236928
3 4 0.298197
3 4.1 0.367879
3 4.2 0.444858
3 4.3 0.527292
3 4.4 0.612626
3 4.5 0.697676
3 4.6 0.778801
3 4.7 0.852144
3 4.8 0.913931
3 4.9 0.960789
3 5 0.99005
3 5.1 1
3 5.2 0.99005
3 5.3 0.960789
3 5.4 0.913931
3 5.5 0.852144
3 5.6 0.778801
3 5.7 0.697676
3 5.8 0.612626
3 5.9 0.527292
3 6 0.444858
3 6.1 0.367879
3 6.2 0.298197
3 6.3 0.236928
3 6.4 0.18452
3 6.5 0.140858
3 6.6 0.105399
3 6.7 0.0773047
3 6.8 0.0555762
3 6.9 0.0391639
3 7 0.0270518
3 7.1 0.0183156
3 7.2 0.0121552
3 7.3 0.00790705
3 7.4 0.00504176
3 7.5 0.00315111
3 7.6 0.00193045
3 7.7 0.00115923
3 7.8 0.000682328
3 7.9 0.000393669
3 8 0.00022263
3 8.1 0.00012341
3 8.2 6.70548e-05
3 8.3 3.57128e-05
3 8.4 1.86437e-05
3 8.5 9.54016e-06
3 8.6 4.78512e-06
3 8.7 2.35258e-06
3 8.8 1.13373e-06
3 8.9 5.35535e-07
3 9 2.4796e-07
3 9.1 1.12535e-07
3 9.2 5.00622e-08
3 9.3 2.18296e-08
3 9.4 9.33029e-09
3 9.5 3.90894e-09
3 9.6 1.60523e-09
3 9.7 6.46143e-10
3 9.8 2.54938e-10
3 9.9 9.85951e-11

3.1 0 4.94066e-324
3.1 0.1 4.94066e-324
3.1 0.2 4.94066e-324
3.1 0.3 4.94066e-324
3.1 0.4 4.94066e-324
3.1 0.5 4.94066e-324
3.1 0.6 4.94066e-324
3.1 0.7 4.94066e-324
3.1 0.8 4.94066e-324
3.1 0.9 4.94066e-324
3.1 1 4.94066e-324
3.1 1.1 4.94066e-324
3.1 1.2 4.94066e-324
3.1 1.3 4.94066e-324
3.1 1.4 4.94066e-324
3.1 1.5 4.94066e-324
3.1 1.6 4.94066e-324
3.1 1.7 4.94066e-324
3.1 1.8 4.94066e-324
3.1 1.9 4.94066e-324
3.1 2 4.94066e-324
3.1 2.1 4.94066e-324
3.1 2.2 4.94066e-324
3.1 2.3 4.94066e-324
3.1 2.4 4.94066e-324
3.1 2.5 4.94066e-324
3.1 2.6 4.94066e-324
3.1 2.7 4.94066e-324
3.1 2.8 4.94066e-324
3.1 2.9 4.94066e-324
3.1 3 4.94066e-324
3.1 3.1 0
3.1 3.2 0.0183156
3.1 3.3 0.0270518
3.1 3.4 0.0391639
3.1 3.5 0.0555762
3.1 3.6 0.0773047
3.1 3.7 0.105399
3.1 3.8 0.140858
3.1 3.9 0.18452
3.1 4 0.236928
3.1 4.1 0.298197
3.1 4.2 0.367879
3.1 4.3 0.444858
3.1 4.4 0.527292
3.1 4.5 0.612626
3.1 4.6 0.697676
3.1 4.7 0.778801
3.1 4.8 0.852144
3.1 4.9 0.913931
3.1 5 0.960789
3.1 5.1 0.99005
3.1 5.2 1
3.1 5.3 0.99005
3.1 5.4 0.960789
3.1 5.5 0.913931
3.1 5.6 0.852144
3.1 5.7 0.778801
3.1 5.8 0.697676
3.1 5.9 0.612626
3.1 6 0.527292
3.1 6.1 0.444858
3.1 6.2 0.367879
3.1 6.3 0.298197
3.1 6.4 0.236928
3.1 6.5 0.18452
3.1 6.6 0.140858
3.1 6.7 0.105399
3.1 6.8 0.0773047
3.1 6.9 0.0555762
3.1 7 0.0391639
3.1 7.1 0.0270518
3.1 7.2 0.0183156
3.1 7.3 0.0121552
3.1 7.4 0.00790705
3.1 7.5 0.00504176
3.1 7.6 0.00315111
3.1 7.7 0.00193045
3.1 7.8 0.00115923
3.1 7.9 0.000682328
3.1 8 0.000393669
3.1 8.1 0.00022263
3.1 8.2 0.00012341
3.1 8.3 6.70548e-05
3.1 8.4 3.57128e-05
3.1 8.5 1.86437e-05
3.1 8.6 9.54016e-06
3.1 8.7 4.78512e-06
3.1 8.8 2.35258e-06
3.1 8.9 1.13373e-06
3.1 9 5.35535e-07
3.1 9.1 2.4796e-07
3.1 9.2 1.12535e-07
3.1 9.3 5.00622e-08
3.1 9.4 2.18296e-08
3.1 9.5 9.33029e-09
3.1 9.6 3.90894e-09
3.1 9.7 1.60523e-09
3.1 9.8 6.46143e-10
3.1 9.9 2.54938e-10

3.2 0 4.94066e-324
3.2 0.1 4.94066e-324
3.2 0.2 4.94066e-324
3.2 0.3 4.94066e-324
3.2 0.4 4.94066e-324
3.2 0.5 4.94066e-324
3.2 0.6 4.94066e-324
3.2 0.7 4.94066e-324
3.2 0.8 4.94066e-324
3.2 0.9 4.94066e-324
3.2 1 4.94066e-324
3.2 1.1 4.94066e-324
3.2 1.2 4.94066e-324
3.2 1.3 4.94066e-324
3.2 1.4 4.94066e-324
3.2 1.5 4.94066e-324
3.2 1.6 4.94066e-324
3.2 1.7 4.94066e-324
3.2 1.8 4.94066e-324
3.2 1.9 4.94066e-324
3.2 2 4.94066e-324
3.2 2.1 4.94066e-324
3.2 2.2 4.94066e-324
3.2 2.3 4.94066e-324
3.2 2.4 4.94066e-324
3.2 2.5 4.94066e-324
3.2 2.6 4.94066e-324
3.2 2.7 4.94066e-324
3.2 2.8 4.94066e-324
3.2 2.9 4.94066e-324
3.2 3 4.94066e-324
3.2 3.1 4.94066e-324
3.2 3.2 0
3.2 3.3 0.0183156
3.2 3.4 0.0270518
3.2 3.5 0.0391639
3.2 3.6 0.0555762
3.2 3.7 0.0773047
3.2 3.8 0.105399
3.2 3.9 0.140858
3.2 4 0.18452
3.2 4.1 0.236928
3.2 4.2 0.298197
3.2 4.3 0.367879
3.2 4.4 0.444858
3.2 4.5 0.527292
3.2 4.6 0.612626
3.2 4.7 0.697676
3.2 4.8 0.778801
3.2 4.9 0.852144
3.2 5 0.913931
3.2 5.1 0.960789
3.2 5.2 0.99005
3.2 5.3 1
3.2 5.4 0.99005
3.2 5.5 0.960789
3.2 5.6 0.913931
3.2 5.7 0.852144
3.2 5.8 0.778801
3.2 5.9 0.697676
3.2 6 0.612626
3.2 6.1 0.527292
3.2 6.2 0.444858
3.2 6.3 0.367879
3.2 6.4 0.298197
3.2 6.5 0.236928
3.2 6.6 0.18452
3.2 6.7 0.140858
3.2 6.8 0.105399
3.2 6.9 0.0773047
3.2 7 0.0555762
3.2 7.1 0.0391639
3.2 7.2 0.0270518
3.2 7.3 0.0183156
3.2 7.4 0.0121552
3.2 7.5 0.00790705
3.2 7.6 0.00504176
3.2 7.7 0.00315111
3.2 7.8 0.00193045
3.2 7.9 0.00115923
3.2 8 0.000682328
3.2 8.1 0.000393669
3.2 8.2 0.00022263
3.2 8.3 0.00012341
3.2 8.4 6.70548e-05
3.2 8.5 3.57128e-05
3.2 8.6 1.86437e-05
3.2 8.7 9.54016e-06
3.2 8.8 4.78512e-06
3.2 8.9 2.35258e-06
3.2 9 1.13373e-06
3.2 9.1 5.35535e-07
3.2 9.2 2.4796e-07
3.2 9.3 1.12535e-07
3.2 9.4 5.00622e-08
3.2 9.5 2.18296e-08
3.2 9.6 9.33029e-09
3.2 9.7 3.90894e-09
3.2 9.8 1.60523e-09
3.2 9.9 6.46143e-10

3.3 0 4.94066e-324
3.3 0.1 4.94066e-324
3.3 0.2 4.94066e-324
3.3 0.3 4.94066e-324
3.3 0.4 4.94066e-324
3.3 0.5 4.94066e-324
3.3 0.6 4.94066e-324
3.3 0.7 4.94066e-324
3.3 0.8 4.94066e-324
3.3 0.9 4.94066e-324
3.3 1 4.94066e-324
3.3 1.1 4.94066e-324
3.3 1.2 4.94066e-324
3.3 1.3 4.94066e-324
3.3 1.4 4.94066e-324
3.3 1.5 4.94066e-324
3.3 1.6 4.94066e-324
3.3 1.7 4.94066e-324
3.3 1.8 4.94066e-324
3.3 1.9 4.94066e-324
3.3 2 4.94066e-324
3.3 2.1 4.94066e-324
3.3 2.2 4.94066e-324
3.3 2.3 4.94066e-324
3.3 2.4 4.94066e-324
3.3 2.5 4.94066e-324
3.3 2.6 4.94066e-324
3.3 2.7 4.94066e-324
3.3 2.8 4.94066e-324
3.3 2.9 4.94066e-324
3.3 3 4.94066e-324
3.3 3.1 4.94066e-324
3.3 3.2 4.94066e-324
3.3 3.3 0
3.3 3.4 0.0183156
3.3 3.5 0.0270518
3.3 3.6 0.0391639
3.3 3.7 0.0555762
3.3 3.8 0.0773047
3.3 3.9 0.105399
3.3 4 0.140858
3.3 4.1 0.18452
3.3 4.2 0.236928
3.3 4.3 0.298197
3.3 4.4 0.367879
3.3 4.5 0.444858
3.3 4.6 0.527292
3.3 4.7 0.612626
3.3 4.8 0.697676
3.3 4.9 0.778801
3.3 5 0.852144
3.3 5.1 0.913931
3.3 5.2 0.960789
3.3 5.3 0.99005
3.3 5.4 1
3.3 5.5 0.99005
3.3 5.6 0.960789
3.3 5.7 0.913931
3.3 5.8 0.852144
3.3 5.9 0.778801
3.3 6 0.697676
3.3 6.1 0.612626
3.3 6.2 0.527292
3.3 6.3 0.444858
3.3 6.4 0.367879
3.3 6.5 0.298197
3.3 6.6 0.236928
3.3 6.7 0.18452
3.3 6.8 0.140858
3.3 6.9 0.105399
3.3 7 0.0773047
3.3 7.1 0.0555762
3.3 7.2 0.0391639
3.3 7.3 0.0270518
3.3 7.4 0.0183156
3.3 7.5 0.0121552
3.3 7.6 0.00790705
3.3 7.7 0.00504176
3.3 7.8 0.00315111
3.3 7.9 0.00193045
3.3 8 0.00115923
3.3 8.1 0.000682328
3.3 8.2 0.000393669
3.3 8.3 0.00022263
3.3 8.4 0.00012341
3.3 8.5 6.70548e-05
3.3 8.6 3.57128e-05
3.3 8.7 1.86437e-05
3.3 8.8 9.54016e-06
3.3 8.9 4.78512e-06
3.3 9 2.35258e-06
3.3 9.1 1.13373e-06
3.3 9.2 5.35535e-07
3.3 9.3 2.4796e-07
3.3 9.4 1.12535e-07
3.3 9.5 5.00622e-08
3.3 9.6 2.18296e-08
3.3 9.7 9.33029e-09
3.3 9.8 3.90894e-09
3.3 9.9 1.60523e-09

3.4 0 4.94066e-324
3.4 0.1 4.94066e-324
3.4 0.2 4.94066e-324
3.4 0.3 4.94066e-324
3.4 0.4 4.94066e-324
3.4 0.5 4.94066e-324
3.4 0.6 4.94066e-324
3.4 0.7 4.94066e-324
3.4 0.8 4.94066e-324
3.4 0.9 4.94066e-324
3.4 1 4.94066e-324
3.4 1.1 4.94066e-324
3.4 1.2 4.94066e-324
3.4 1.3 4.94066e-324
3.4 1.4 4.94066e-324
3.4 1.5 4.94066e-324
3.4 1.6 4.94066e-324
3.4 1.7 4.94066e-324
3.4 1.8 4.94066e-324
3.4 1.9 4.94066e-324
3.4 2 4.94066e-324
3.4 2.1 4.94066e-324
3.4 2.2 4.94066e-324
3.4 2.3 4.94066e-324
3.4 2.4 4.94066e-324
3.4 2.5 4.94066e-324
3.4 2.6 4.94066e-324
3.4 2.7 4.94066e-324
3.4 2.8 4.94066e-324
3.4 2.9 4.94066e-324
3.4 3 4.94066e-324
3.4 3.1 4.94066e-324
3.4 3.2 4.94066e-324
3.4 3.3 4.94066e-324
3.4 3.4 0
3.4 3.5 0.0183156
3.4 3.6 0.0270518
3.4 3.7 0.0391639
3.4 3.8 0.0555762
3.4 3.9 0.0773047
3.4 4 0.105399
3.4 4.1 0.140858
3.4 4.2 0.18452
3.4 4.3 0.236928
3.4 4.4 0.298197
3.4 4.5 0.367879
3.4 4.6 0.444858
3.4 4.7 0.527292
3.4 4.8 0.612626
3.4 4.9 0.697676
3.4 5 0.778801
3.4 5.1 0.852144
3.4 5.2 0.913931
3.4 5.3 0.960789
3.4 5.4 0.99005
3.4 5.5 1
3.4 5.6 0.99005
3.4 5.7 0.960789
3.4 5.8 0.913931
3.4 5.9 0.852144
3.4 6 0.778801
3.4 6.1 0.697676
3.4 6.2 0.612626
3.4 6.3 0.527292
3.4 6.4 0.444858
3.4 6.5 0.367879
3.4 6.6 0.298197
3.4 6.7 0.236928
3.4 6.8 0.18452
3.4 6.9 0.140858
3.4 7 0.105399
3.4 7.1 0.0773047
3.4 7.2 0.0555762
3.4 7.3 0.0391639
3.4 7.4 0.0270518
3.4 7.5 0.0183156
3.4 7.6 0.0121552
3.4 7.7 0.00790705
3.4 7.8 0.00504176
3.4 7.9 0.00315111
3.4 8 0.00193045
3.4 8.1 0.00115923
3.4 8.2 0.000682328
3.4 8.3 0.000393669
3.4 8.4 0.00022263
3.4 8.5 0.00012341
3.4 8.6 6.70548e-05
3.4 8.7 3.57128e-05
3.4 8.8 1.86437e-05
3.4 8.9 9.54016e-06
3.4 9 4.78512e-06
3.4 9.1 2.35258e-06
3.4 9.2 1.13373e-06
3.4 9.3 5.35535e-07
3.4 9.4 2.4796e-07
3.4 9.5 1.12535e-07
3.4 9.6 5.00622e-08
3.4 9.7 2.18296e-08
3.4 9.8 9.33029e-09
3.4 9.9 3.90894e-09

3.5 0 4.94066e-324
3.5 0.1 4.94066e-324
3.5 0.2 4.94066e-324
3.5 0.3 4.94066e-324
3.5 0.4 4.94066e-324
3.5 0.5 4.94066e-324
3.5 0.6 4.94066e-324
3.5 0.7 4.94066e-324
3.5 0.8 4.94066e-324
3.5 0.9 4.94066e-324
3.5 1 4.94066e-324
3.5 1.1 4.94066e-324
3.5 1.2 4.94066e-324
3.5 1.3 4.94066e-324
3.5 1.4 4.94066e-324
3.5 1.5 4.94066e-324
3.5 1.6 4.94066e-324
3.5 1.7 4.94066e-324
3.5 1.8 4.94066e-324
3.5 1.9 4.94066e-324
3.5 2 4.94066e-324
3.5 2.1 4.94066e-324
3.5 2.2 4.94066e-324
3.5 2.3 4.94066e-324
3.5 2.4 4.94066e-324
3.5 2.5 4.94066e-324
3.5 2.6 4.94066e-324
3.5 2.7 4.94066e-324
3.5 2.8 4.94066e-324
3.5 2.9 4.94066e-324
3.5 3 4.94066e-324
3.5 3.1 4.94066e-324
3.5 3.2 4.94066e-324
3.5 3.3 4.94066e-324
3.5 3.4 4.94066e-324
3.5 3.5 0
3.5 3.6 0.0183156
3.5 3.7 0.0270518
3.5 3.8 0.0391639
3.5 3.9 0.0555762
3.5 4 0.0773047
3.5 4.1 0.105399
3.5 4.2 0.140858
3.5 4.3 0.18452
3.5 4.4 0.236928
3.5 4.5 0.298197
3.5 4.6 0.367879
3.5 4.7 0.444858
3.5 4.8 0.527292
3.5 4.9 0.612626
3.5 5 0.697676
3.5 5.1 0.778801
3.5 5.2 0.852144
3.5 5.3 0.913931
3.5 5.4 0.960789
3.5 5.5 0.99005
3.5 5.6 1
3.5 5.7 0.99005
3.5 5.8 0.960789
3.5 5.9 0.913931
3.5 6 0.852144
3.5 6.1 0.778801
3.5 6.2 0.697676
3.5 6.3 0.612626
3.5 6.4 0.527292
3.5 6.5 0.444858
3.5 6.6 0.367879
3.5 6.7 0.298197
3.5 6.8 0.236928
3.5 6.9 0.18452
3.5 7 0.140858
3.5 7.1 0.105399
3.5 7.2 0.0773047
3.5 7.3 0.0555762
3.5 7.4 0.0391639
3.5 7.5 0.0270518
3.5 7.6 0.0183156
3.5 7.7 0.0121552
3.5 7.8 0.00790705
3.5 7.9 0.00504176
3.5 8 0.00315111
3.5 8.1 0.00193045
3.5 8.2 0.00115923
3.5 8.3 0.000682328
3.5 8.4 0.000393669
3.5 8.5 0.00022263
3.5 8.6 0.00012341
3.5 8.7 6.70548e-05
3.5 8.8 3.57128e-05
3.5 8.9 1.86437e-05
3.5 9 9.54016e-06
3.5 9.1 4.78512e-06
3.5 9.2 2.35258e-06
3.5 9.3 1.13373e-06
3.5 9.4 5.35535e-07
3.5 9.5 2.4796e-07
3.5 9.6 1.12535e-07
3.5 9.7 5.00622e-08
3.5 9.8 2.18296e-08
3.5 9.9 9.33029e-09

3.6 0 4.94066e-324
3.6 0.1 4.94066e-324
3.6 0.2 4.94066e-324
3.6 0.3 4.94066e-324
3.6 0.4 4.94066e-324
3.6 0.5 4.94066e-324
3.6 0.6 4.94066e-324
3.6 0.7 4.94066e-324
3.6 0.8 4.94066e-324
3.6 0.9 4.94066e-324
3.6 1 4.94066e-324
3.6 1.1 4.94066e-324
3.6 1.2 4.94066e-324
3.6 1.3 4.94066e-324
3.6 1.4 4.94066e-324
3.6 1.5 4.94066e-324
3.6 1.6 4.94066e-324
3.6 1.7 4.94066e-324
3.6 1.8 4.94066e-324
3.6 1.9 4.94066e-324
3.6 2 4.94066e-324
3.6 2.1 4.94066e-324
3.6 2.2 4.94066e-324
3.6 2.3 4.94066e-324
3.6 2.4 4.94066e-324
3.6 2.5 4.94066e-324
3.6 2.6 4.94066e-324
3.6 2.7 4.94066e-324
3.6 2.8 4.94066e-324
3.6 2.9 4.94066e-324
3.6 3 4.94066e-324
3.6 3.1 4.94066e-324
3.6 3.2 4.94066e-324
3.6 3.3 4.94066e-324
3.6 3.4 4.94066e-324
3.6 3.5 4.94066e-324
3.6 3.6 0
3.6 3.7 0.0183156
3.6 3.8 0.0270518
3.6 3.9 0.0391639
3.6 4 0.0555762
3.6 4.1 0.0773047
3.6 4.2 0.105399
3.6 4.3 0.140858
3.6 4.4 0.18452
3.6 4.5 0.236928
3.6 4.6 0.298197
3.6 4.7 0.367879
3.6 4.8 0.444858
3.6 4.9 0.527292
3.6 5 0.612626
3.6 5.1 0.697676
3.6 5.2 0.778801
3.6 5.3 0.852144
3.6 5.4 0.913931
3.6 5.5 0.960789
3.6 5.6 0.99005
3.6 5.7 1
3.6 5.8 0.99005
3.6 5.9 0.960789
3.6 6 0.913931
3.6 6.1 0.852144
3.6 6.2 0.778801
3.6 6.3 0.697676
3.6 6.4 0.612626
3.6 6.5 0.527292
3.6 6.6 0.444858
3.6 6.7 0.367879
3.6 6.8 0.298197
3.6 6.9 0.236928
3.6 7 0.18452
3.6 7.1 0.140858
3.6 7.2 0.105399
3.6 7.3 0.0773047
3.6 7.4 0.0555762
3.6 7.5 0.0391639
3.6 7.6 0.0270518
3.6 7.7 0.0183156
3.6 7.8 0.0121552
3.6 7.9 0.00790705
3.6 8 0.00504176
3.6 8.1 0.00315111
3.6 8.2 0.00193045
3.6 8.3 0.00115923
3.6 8.4 0.000682328
3.6 8.5 0.000393669
3.6 8.6 0.00022263
3.6 8.7 0.00012341
3.6 8.8 6.70548e-05
3.6 8.9 3.57128e-05
3.6 9 1.86437e-05
3.6 9.1 9.54016e-06
3.6 9.2 4.78512e-06
3.6 9.3 2.35258e-06
3.6 9.4 1.13373e-06
3.6 9.5 5.35535e-07
3.6 9.6 2.4796e-07
3.6 9.7 1.12535e-07
3.6 9.8 5.00622e-08
3.6 9.9 2.18296e-08

3.7 0 4.94066e-324
3.7 0.1 4.94066e-324
3.7 0.2 4.94066e-324
3.7 0.3 4.94066e-324
3.7 0.4 4.94066e-324
3.7 0.5 4.94066e-324
3.7 0.6 4.94066e-324
3.7 0.7 4.94066e-324
3.7 0.8 4.94066e-324
3.7 0.9 4.94066e-324
3.7 1 4.94066e-324
3.7 1.1 4.94066e-324
3.7 1.2 4.94066e-324
3.7 1.3 4.94066e-324
3.7 1.4 4.94066e-324
3.7 1.5 4.94066e-324
3.7 1.6 4.94066e-324
3.7 1.7 4.94066e-324
3.7 1.8 4.94066e-324
3.7 1.9 4.94066e-324
3.7 2 4.94066e-324
3.7 2.1 4.94066e-324
3.7 2.2 4.94066e-324
3.7 2.3 4.94066e-324
3.7 2.4 4.94066e-324
3.7 2.5 4.94066e-324
3.7 2.6 4.94066e-324
3.7 2.7 4.94066e-324
3.7 2.8 4.94066e-324
3.7 2.9 4.94066e-324
3.7 3 4.94066e-324
3.7 3.1 4.94066e-324
3.7 3.2 4.94066e-324
3.7 3.3 4.94066e-324
3.7 3.4 4.94066e-324
3.7 3.5 4.94066e-324
3.7 3.6 4.94066e-324
3.7 3.7 0
3.7 3.8 0.0183156
3.7 3.9 0.0270518
3.7 4 0.0391639
3.7 4.1 0.0555762
3.7 4.2 0.0773047
3.7 4.3 0.105399
3.7 4.4 0.140858
3.7 4.5 0.18452
3.7 4.6 0.236928
3.7 4.7 0.298197
3.7 4.8 0.367879
3.7 4.9 0.444858
3.7 5 0.527292
3.7 5.1 0.612626
3.7 5.2 0.697676
3.7 5.3 0.778801
3.7 5.4 0.852144
3.7 5.5 0.913931
3.7 5.6 0.960789
3.7 5.7 0.99005
3.7 5.8 1
3.7 5.9 0.99005
3.7 6 0.960789
3.7 6.1 0.913931
3.7 6.2 0.852144
3.7 6.3 0.778801
3.7 6.4 0.697676
3.7 6.5 0.612626
3.7 6.6 0.527292
3.7 6.7 0.444858
3.7 6.8 0.367879
3.7 6.9 0.298197
3.7 7 0.236928
3.7 7.1 0.18452
3.7 7.2 0.140858
3.7 7.3 0.105399
3.7 7.4 0.0773047
3.7 7.5 0.0555762
3.7 7.6 0.0391639
3.7 7.7 0.0270518
3.7 7.8 0.0183156
3.7 7.9 0.0121552
3.7 8 0.00790705
3.7 8.1 0.00504176
3.7 8.2 0.00315111
3.7 8.3 0.00193045
3.7 8.4 0.00115923
3.7 8.5 0.000682328
3.7 8.6 0.000393669
3.7 8.7 0.00022263
3.7 8.8 0.00012341
3.7 8.9 6.70548e-05
3.7 9 3.57128e-05
3.7 9.1 1.86437e-05
3.7 9.2 9.54016e-06
3.7 9.3 4.78512e-06
3.7 9.4 2.35258e-06
3.7 9.5 1.13373e-06
3.7 9.6 5.35535e-07
3.7 9.7 2.4796e-07
3.7 9.8 1.12535e-07
3.7 9.9 5.00622e-08

3.8 0 4.94066e-324
3.8 0.1 4.94066e-324
3.8 0.2 4.94066e-324
3.8 0.3 4.94066e-324
3.8 0.4 4.94066e-324
3.8 0.5 4.94066e-324
3.8 0.6 4.94066e-324
3.8 0.7 4.94066e-324
3.8 0.8 4.94066e-324
3.8 0.9 4.94066e-324
3.8 1 4.94066e-324
3.8 1.1 4.94066e-324
3.8 1.2 4.94066e-324
3.8 1.3 4.94066e-324
3.8 1.4 4.94066e-324
3.8 1.5 4.94066e-324
3.8 1.6 4.94066e-324
3.8 1.7 4.94066e-324
3.8 1.8 4.94066e-324
3.8 1.9 4.94066e-324
3.8 2 4.94066e-324
3.8 2.1 4.94066e-324
3.8 2.2 4.94066e-324
3.8 2.3 4.94066e-324
3.8 2.4 4.94066e-324
3.8 2.5 4.94066e-324
3.8 2.6 4.94066e-324
3.8 2.7 4.94066e-324
3.8 2.8 4.94066e-324
3.8 2.9 4.94066e-324
3.8 3 4.94066e-324
3.8 3.1 4.94066e-324
3.8 3.2 4.94066e-324
3.8 3.3 4.94066e-324
3.8 3.4 4.94066e-324
3.8 3.5 4.94066e-324
3.8 3.6 4.94066e-324
3.8 3.7 4.94066e-324
3.8 3.8 0
3.8 3.9 0.0183156
3.8 4 0.0270518
3.8 4.1 0.0391639
3.8 4.2 0.0555762
3.8 4.3 0.0773047
3.8 4.4 0.105399
3.8 4.5 0.140858
3.8 4.6 0.18452
3.8 4.7 0.236928
3.8 4.8 0.298197
3.8 4.9 0.367879
3.8 5 0.444858
3.8 5.1 0.527292
3.8 5.2 0.612626
3.8 5.3 0.697676
3.8 5.4 0.778801
3.8 5.5 0.852144
3.8 5.6 0.913931
3.8 5.7 0.960789
3.8 5.8 0.99005
3.8 5.9 1
3.8 6 0.99005
3.8 6.1 0.960789
3.8 6.2 0.913931
3.8 6.3 0.852144
3.8 6.4 0.778801
3.8 6.5 0.697676
3.8 6.6 0.612626
3.8 6.7 0.527292
3.8 6.8 0.444858
3.8 6.9 0.367879
3.8 7 0.298197
3.8 7.1 0.236928
3.8 7.2 0.18452
3.8 7.3 0.140858
3.8 7.4 0.105399
3.8 7.5 0.0773047
3.8 7.6 0.0555762
3.8 7.7 0.0391639
3.8 7.8 0.0270518
3.8 7.9 0.0183156
3.8 8 0.0121552
3.8 8.1 0.00790705
3.8 8.2 0.00504176
3.8 8.3 0.00315111
3.8 8.4 0.00193045
3.8 8.5 0.00115923
3.8 8.6 0.000682328
3.8 8.7 0.000393669
3.8 8.8 0.00022263
3.8 8.9 0.00012341
3.8 9 6.70548e-05
3.8 9.1 3.57128e-05
3.8 9.2 1.86437e-05
3.8 9.3 9.54016e-06
3.8 9.4 4.78512e-06
3.8 9.5 2.35258e-06
3.8 9.6 1.13373e-06
3.8 9.7 5.35535e-07
3.8 9.8 2.4796e-07
3.8 9.9 1.12535e-07

3.9 0 4.94066e-324
3.9 0.1 4.94066e-324
3.9 0.2 4.94066e-324
3.9 0.3 4.94066e-324
3.9 0.4 4.94066e-324
3.9 0.5 4.94066e-324
3.9 0.6 4.94066e-324
3.9 0.7 4.94066e-324
3.9 0.8 4.94066e-324
3.9 0.9 4.94066e-324
3.9 1 4.94066e-324
3.9 1.1 4.94066e-324
3.9 1.2 4.94066e-324
3.9 1.3 4.94066e-324
3.9 1.4 4.94066e-324
3.9 1.5 4.94066e-324
3.9 1.6 4.94066e-324
3.9 1.7 4.94066e-324
3.9 1.8 4.94066e-324
3.9 1.9 4.94066e-324
3.9 2 4.94066e-324
3.9 2.1 4.94066e-324
3.9 2.2 4.94066e-324
3.9 2.3 4.94066e-324
3.9 2.4 4.94066e-324
3.9 2.5 4.94066e-324
3.9 2.6 4.94066e-324
3.9 2.7 4.94066e-324
3.9 2.8 4.94066e-324
3.9 2.9 4.94066e-324
3.9 3 4.94066e-324
3.9 3.1 4.94066e-324
3.9 3.2 4.94066e-324
3.9 3.3 4.94066e-324
3.9 3.4 4.94066e-324
3.9 3.5 4.94066e-324
3.9 3.6 4.94066e-324
3.9 3.7 4.94066e-324
3.9 3.8 4.94066e-324
3.9 3.9 0
3.9 4 0.0183156
3.9 4.1 0.0270518
3.9 4.2 0.0391639
3.9 4.3 0.0555762
3.9 4.4 0.0773047
3.9 4.5 0.105399
3.9 4.6 0.140858
3.9 4.7 0.18452
3.9 4.8 0.236928
3.9 4.9 0.298197
3.9 5 0.367879
3.9 5.1 0.444858
3.9 5.2 0.527292
3.9 5.3 0.612626
3.9 5.4 0.697676
3.9 5.5 0.778801
3.9 5.6 0.852144
3.9 5.7 0.913931
3.9 5.8 0.960789
3.9 5.9 0.99005
3.9 6 1
3.9 6.1 0.99005
3.9 6.2 0.960789
3.9 6.3 0.913931
3.9 6.4 0.852144
3.9 6.5 0.778801
3.9 6.6 0.697676
3.9 6.7 0.612626
3.9 6.8 0.527292
3.9 6.9 0.444858
3.9 7 0.367879
3.9 7.1 0.298197
3.9 7.2 0.236928
3.9 7.3 0.18452
3.9 7.4 0.140858
3.9 7.5 0.105399
3.9 7.6 0.0773047
3.9 7.7 0.0555762
3.9 7.8 0.0391639
3.9 7.9 0.0270518
3.9 8 0.0183156
3.9 8.1 0.0121552
3.9 8.2 0.00790705
3.9 8.3 0.00504176
3.9 8.4 0.00315111
3.9 8.5 0.00193045
3.9 8.6 0.00115923
3.9 8.7 0.000682328
3.9 8.8 0.000393669
3.9 8.9 0.00022263
3.9 9 0.00012341
3.9 9.1 6.70548e-05
3.9 9.2 3.57128e-05
3.9 9.3 1.86437e-05
3.9 9.4 9.54016e-06
3.9 9.5 4.78512e-06
3.9 9.6 2.35258e-06
3.9 9.7 1.13373e-06
3.9 9.8 5.35535e-07
3.9 9.9 2.4796e-07

4 0 4.94066e-324
4 0.1 4.94066e-324
4 0.2 4.94066e-324
4 0.3 4.94066e-324
4 0.4 4.94066e-324
4 0.5 4.94066e-324
4 0.6 4.94066e-324
4 0.7 4.94066e-324
4 0.8 4.94066e-324
4 0.9 4.94066e-324
4 1 4.94066e-324
4 1.1 4.94066e-324
4 1.2 4.94066e-324
4 1.3 4.94066e-324
4 1.4 4.94066e-324
4 1.5 4.94066e-324
4 1.6 4.94066e-324
4 1.7 4.94066e-324
4 1.8 4.94066e-324
4 1.9 4.94066e-324
4 2 4.94066e-324
4 2.1 4.94066e-324
4 2.2 4.94066e-324
4 2.3 4.94066e-324
4 2.4 4.94066e-324
4 2.5 4.94066e-324
4 2.6 4.94066e-324
4 2.7 4.94066e-324
4 2.8 4.94066e-324
4 2.9 4.94066e-324
4 3 4.94066e-324
4 3.1 4.94066e-324
4 3.2 4.94066e-324
4 3.3 4.94066e-324
4 3.4 4.94066e-324
4 3.5 4.94066e-324
4 3.6 4.94066e-324
4 3.7 4.94066e-324
4 3.8 4.94066e-324
4 3.9 4.94066e-324
4 4 0
4 4.1 0.0183156
4 4.2 0.0270518
4 4.3 0.0391639
4 4.4 0.0555762
4 4.5 0.0773047
4 4.6 0.105399
4 4.7 0.140858
4 4.8 0.18452
4 4.9 0.236928
4 5 0.298197
4 5.1 0.367879
4 5.2 0.444858
4 5.3 0.527292
4 5.4 0.612626
4 5.5 0.697676
4 5.6 0.778801
4 5.7 0.852144
4 5.8 0.913931
4 5.9 0.960789
4 6 0.99005
4 6.1 1
4 6.2 0.99005
4 6.3 0.960789
4 6.4 0.913931
4 6.5 0.852144
4 6.6 0.778801
4 6.7 0.697676
4 6.8 0.612626
4 6.9 0.527292
4 7 0.444858
4 7.1 0.367879
4 7.2 0.298197
4 7.3 0.236928
4 7.4 0.18452
4 7.5 0.140858
4 7.6 0.105399
4 7.7 0.0773047
4 7.8 0.0555762
4 7.9 0.0391639
4 8 0.0270518
4 8.1 0.0183156
4 8.2 0.0121552
4 8.3 0.00790705
4 8.4 0.00504176
4 8.5 0.00315111
4 8.6 0.00193045
4 8.7 0.00115923
4 8.8 0.000682328
4 8.9 0.000393669
4 9 0.00022263
4 9.1 0.00012341
4 9.2 6.70548e-05
4 9.3 3.57128e-05
4 9.4 1.86437e-05
4 9.5 9.54016e-06
4 9.6 4.78512e-06
4 9.7 2.35258e-06
4 9.8 1.13373e-06
4 9.9 5.35535e-07

4.1 0 4.94066e-324
4.1 0.1 4.94066e-324
4.1 0.2 4.94066e-324
4.1 0.3 4.94066e-324
4.1 0.4 4.94066e-324
4.1 0.5 4.94066e-324
4.1 0.6 4.94066e-324
4.1 0.7 4.94066e-324
4.1 0.8 4.94066e-324
4.1 0.9 4.94066e-324
4.1 1 4.94066e-324
4.1 1.1 4.94066e-324
4.1 1.2 4.94066e-324
4.1 1.3 4.94066e-324
4.1 1.4 4.94066e-324
4.1 1.5 4.94066e-324
4.1 1.6 4.94066e-324
4.1 1.7 4.94066e-324
4.1 1.8 4.94066e-324
4.1 1.9 4.94066e-324
4.1 2 4.94066e-324
4.1 2.1 4.94066e-324
4.1 2.2 4.94066e-324
4.1 2.3 4.94066e-324
4.1 2.4 4.94066e-324
4.1 2.5 4.94066e-324
4.1 2.6 4.94066e-324
4.1 2.7 4.94066e-324
4.1 2.8 4.94066e-324
4.1 2.9 4.94066e-324
4.1 3 4.94066e-324
4.1 3.1 4.94066e-324
4.1 3.2 4.94066e-324
4.1 3.3 4.94066e-324
4.1 3.4 4.94066e-324
4.1 3.5 4.94066e-324
4.1 3.6 4.94066e-324
4.1 3.7 4.94066e-324
4.1 3.8 4.94066e-324
4.1 3.9 4.94066e-324
4.1 4 4.94066e-324
4.1 4.1 0
4.1 4.2 0.0183156
4.1 4.3 0.0270518
4.1 4.4 0.0391639
4.1 4.5 0.0555762
4.1 4.6 0.0773047
4.1 4.7 0.105399
4.1 4.8 0.140858
4.1 4.9 0.18452
4.1 5 0.236928
4.1 5.1 0.298197
4.1 5.2 0.367879
4.1 5.3 0.444858
4.1 5.4 0.527292
4.1 5.5 0.612626
4.1 5.6 0.697676
4.1 5.7 0.778801
4.1 5.8 0.852144
4.1 5.9 0.913931
4.1 6 0.960789
4.1 6.1 0.99005
4.1 6.2 1
4.1 6.3 0.99005
4.1 6.4 0.960789
4.1 6.5 0.913931
4.1 6.6 0.852144
4.1 6.7 0.778801
4.1 6.8 0.697676
4.1 6.9 0.612626
4.1 7 0.527292
4.1 7.1 0.444858
4.1 7.2 0.367879
4.1 7.3 0.298197
4.1 7.4 0.236928
4.1 7.5 0.18452
4.1 7.6 0.140858
4.1 7.7 0.105399
4.1 7.8 0.0773047
4.1 7.9 0.0555762
4.1 8 0.0391639
4.1 8.1 0.0270518
4.1 8.2 0.0183156
4.1 8.3 0.0121552
4.1 8.4 0.00790705
4.1 8.5 0.00504176
4.1 8.6 0.00315111
4.1 8.7 0.00193045
4.1 8.8 0.00115923
4.1 8.9 0.000682328
4.1 9 0.000393669
4.1 9.1 0.00022263
4.1 9.2 0.00012341
4.1 9.3 6.70548e-05
4.1 9.4 3.57128e-05
4.1 9.5 1.86437e-05
4.1 9.6 9.54016e-06
4.1 9.7 4.78512e-06
4.1 9.8 2.35258e-06
4.1 9.9 1.13373e-06

4.2 0 4.94066e-324
4.2 0.1 4.94066e-324
4.2 0.2 4.94066e-324
4.2 0.3 4.94066e-324
4.2 0.4 4.94066e-324
4.2 0.5 4.94066e-324
4.2 0.6 4.94066e-324
4.2 0.7 4.94066e-324
4.2 0.8 4.94066e-324
4.2 0.9 4.94066e-324
4.2 1 4.94066e-324
4.2 1.1 4.94066e-324
4.2 1.2 4.94066e-324
4.2 1.3 4.94066e-324
4.2 1.4 4.94066e-324
4.2 1.5 4.94066e-324
4.2 1.6 4.94066e-324
4.2 1.7 4.94066e-324
4.2 1.8 4.94066e-324
4.2 1.9 4.94066e-324
4.2 2 4.94066e-324
4.2 2.1 4.94066e-324
4.2 2.2 4.94066e-324
4.2 2.3 4.94066e-324
4.2 2.4 4.94066e-324
4.2 2.5 4.94066e-324
4.2 2.6 4.94066e-324
4.2 2.7 4.94066e-324
4.2 2.8 4.94066e-324
4.2 2.9 4.94066e-324
4.2 3 4.94066e-324
4.2 3.1 4.94066e-324
4.2 3.2 4.94066e-324
4.2 3.3 4.94066e-324
4.2 3.4 4.94066e-324
4.2 3.5 4.94066e-324
4.2 3.6 4.94066e-324
4.2 3.7 4.94066e-324
4.2 3.8 4.94066e-324
4.2 3.9 4.94066e-324
4.2 4 4.94066e-324
4.2 4.1 4.94066e-324
4.2 4.2 0
4.2 4.3 0.0183156
4.2 4.4 0.0270518
4.2 4.5 0.0391639
4.2 4.6 0.0555762
4.2 4.7 0.0773047
4.2 4.8 0.105399
4.2 4.9 0.140858
4.2 5 0.18452
4.2 5.1 0.236928
4.2 5.2 0.298197
4.2 5.3 0.367879
4.2 5.4 0.444858
4.2 5.5 0.527292
4.2 5.6 0.612626
4.2 5.7 0.697676
4.2 5.8 0.778801
4.2 5.9 0.852144
4.2 6 0.913931
4.2 6.1 0.960789
4.2 6.2 0.99005
4.2 6.3 1
4.2 6.4 0.99005
4.2 6.5 0.960789
4.2 6.6 0.913931
4.2 6.7 0.852144
4.2 6.8 0.778801
4.2 6.9 0.697676
4.2 7 0.612626
4.2 7.1 0.527292
4.2 7.2 0.444858
4.2 7.3 0.367879
4.2 7.4 0.298197
4.2 7.5 0.236928
4.2 7.6 0.18452
4.2 7.7 0.140858
4.2 7.8 0.105399
4.2 7.9 0.0773047
4.2 8 0.0555762
4.2 8.1 0.0391639
4.2 8.2 0.0270518
4.2 8.3 0.0183156
4.2 8.4 0.0121552
4.2 8.5 0.00790705
4.2 8.6 0.00504176
4.2 8.7 0.00315111
4.2 8.8 0.00193045
4.2 8.9 0.00115923
4.2 9 0.000682328
4.2 9.1 0.000393669
4.2 9.2 0.00022263
4.2 9.3 0.00012341
4.2 9.4 6.70548e-05
4.2 9.5 3.57128e-05
4.2 9.6 1.86437e-05
4.2 9.7 9.54016e-06
4.2 9.8 4.78512e-06
4.2 9.9 2.35258e-06

4.3 0 4.94066e-324
4.3 0.1 4.94066e-324
4.3 0.2 4.94066e-324
4.3 0.3 4.94066e-324
4.3 0.4 4.94066e-324
4.3 0.5 4.94066e-324
4.3 0.6 4.94066e-324
4.3 0.7 4.94066e-324
4.3 0.8 4.94066e-324
4.3 0.9 4.94066e-324
4.3 1 4.94066e-324
4.3 1.1 4.94066e-324
4.3 1.2 4.94066e-324
4.3 1.3 4.94066e-324
4.3 1.4 4.94066e-324
4.3 1.5 4.94066e-324
4.3 1.6 4.94066e-324
4.3 1.7 4.94066e-324
4.3 1.8 4.94066e-324
4.3 1.9 4.94066e-324
4.3 2 4.94066e-324
4.3 2.1 4.94066e-324
4.3 2.2 4.94066e-324
4.3 2.3 4.94066e-324
4.3 2.4 4.94066e-324
4.3 2.5 4.94066e-324
4.3 2.6 4.94066e-324
4.3 2.7 4.94066e-324
4.3 2.8 4.94066e-324
4.3 2.9 4.94066e-324
4.3 3 4.94066e-324
4.3 3.1 4.94066e-324
4.3 3.2 4.94066e-324
4.3 3.3 4.94066e-324
4.3 3.4 4.94066e-324
4.3 3.5 4.94066e-324
4.3 3.6 4.94066e-324
4.3 3.7 4.94066e-324
4.3 3.8 4.94066e-324
4.3 3.9 4.94066e-324
4.3 4 4.94066e-324
4.3 4.1 4.94066e-324
4.3 4.2 4.94066e-324
4.3 4.3 0
4.3 4.4 0.0183156
4.3 4.5 0.0270518
4.3 4.6 0.0391639
4.3 4.7 0.0555762
4.3 4.8 0.0773047
4.3 4.9 0.105399
4.3 5 0.140858
4.3 5.1 0.18452
4.3 5.2 0.236928
4.3 5.3 0.298197
4.3 5.4 0.367879
4.3 5.5 0.444858
4.3 5.6 0.527292
4.3 5.7 0.612626
4.3 5.8 0.697676
4.3 5.9 0.778801
4.3 6 0.852144
4.3 6.1 0.913931
4.3 6.2 0.960789
4.3 6.3 0.99005
4.3 6.4 1
4.3 6.5 0.99005
4.3 6.6 0.960789
4.3 6.7 0.913931
4.3 6.8 0.852144
4.3 6.9 0.778801
4.3 7 0.697676
4.3 7.1 0.612626
4.3 7.2 0.527292
4.3 7.3 0.444858
4.3 7.4 0.367879
4.3 7.5 0.298197
4.3 7.6 0.236928
4.3 7.7 0.18452
4.3 7.8 0.140858
4.3 7.9 0.105399
4.3 8 0.0773047
4.3 8.1 0.0555762
4.3 8.2 0.0391639
4.3 8.3 0.0270518
4.3 8.4 0.0183156
4.3 8.5 0.0121552
4.3 8.6 0.00790705
4.3 8.7 0.00504176
4.3 8.8 0.00315111
4.3 8.9 0.00193045
4.3 9 0.00115923
4.3 9.1 0.000682328
4.3 9.2 0.000393669
4.3 9.3 0.00022263
4.3 9.4 0.00012341
4.3 9.5 6.70548e-05
4.3 9.6 3.57128e-05
4.3 9.7 1.86437e-05
4.3 9.8 9.54016e-06
4.3 9.9 4.78512e-06

4.4 0 4.94066e-324
4.4 0.1 4.94066e-324
4.4 0.2 4.94066e-324
4.4 0.3 4.94066e-324
4.4 0.4 4.94066e-324
4.4 0.5 4.94066e-324
4.4 0.6 4.94066e-324
4.4 0.7 4.94066e-324
4.4 0.8 4.94066e-324
4.4 0.9 4.94066e-324
4.4 1 4.94066e-324
4.4 1.1 4.94066e-324
4.4 1.2 4.94066e-324
4.4 1.3 4.94066e-324
4.4 1.4 4.94066e-324
4.4 1.5 4.94066e-324
4.4 1.6 4.94066e-324
4.4 1.7 4.94066e-324
4.4 1.8 4.94066e-324
4.4 1.9 4.94066e-324
4.4 2 4.94066e-324
4.4 2.1 4.94066e-324
4.4 2.2 4.94066e-324
4.4 2.3 4.94066e-324
4.4 2.4 4.94066e-324
4.4 2.5 4.94066e-324
4.4 2.6 4.94066e-324
4.4 2.7 4.94066e-324
4.4 2.8 4.94066e-324
4.4 2.9 4.94066e-324
4.4 3 4.94066e-324
4.4 3.1 4.94066e-324
4.4 3.2 4.94066e-324
4.4 3.3 4.94066e-324
4.4 3.4 4.94066e-324
4.4 3.5 4.94066e-324
4.4 3.6 4.94066e-324
4.4 3.7 4.94066e-324
4.4 3.8 4.94066e-324
4.4 3.9 4.94066e-324
4.4 4 4.94066e-324
4.4 4.1 4.94066e-324
4.4 4.2 4.94066e-324
4.4 4.3 4.94066e-324
4.4 4.4 0
4.4 4.5 0.0183156
4.4 4.6 0.0270518
4.4 4.7 0.0391639
4.4 4.8 0.0555762
4.4 4.9 0.0773047
4.4 5 0.105399
4.4 5.1 0.140858
4.4 5.2 0.18452
4.4 5.3 0.236928
4.4 5.4 0.298197
4.4 5.5 0.367879
4.4 5.6 0.444858
4.4 5.7 0.527292
4.4 5.8 0.612626
4.4 5.9 0.697676
4.4 6 0.778801
4.4 6.1 0.852144
4.4 6.2 0.913931
4.4 6.3 0.960789
4.4 6.4 0.99005
4.4 6.5 1
4.4 6.6 0.99005
4.4 6.7 0.960789
4.4 6.8 0.913931
4.4 6.9 0.852144
4.4 7 0.778801
4.4 7.1 0.697676
4.4 7.2 0.612626
4.4 7.3 0.527292
4.4 7.4 0.444858
4.4 7.5 0.367879
4.4 7.6 0.298197
4.4 7.7 0.236928
4.4 7.8 0.18452
4.4 7.9 0.140858
4.4 8 0.105399
4.4 8.1 0.0773047
4.4 8.2 0.0555762
4.4 8.3 0.0391639
4.4 8.4 0.0270518
4.4 8.5 0.0183156
4.4 8.6 0.0121552
4.4 8.7 0.00790705
4.4 8.8 0.00504176
4.4 8.9 0.00315111
4.4 9 0.00193045
4.4 9.1 0.00115923
4.4 9.2 0.000682328
4.4 9.3 0.000393669
4.4 9.4 0.00022263
4.4 9.5 0.00012341
4.4 9.6 6.70548e-05
4.4 9.7 3.57128e-05
4.4 9.8 1.86437e-05
4.4 9.9 9.54016e-06

4.5 0 4.94066e-324
4.5 0.1 4.94066e-324
4.5 0.2 4.94066e-324
4.5 0.3 4.94066e-324
4.5 0.4 4.94066e-324
4.5 0.5 4.94066e-324
4.5 0.6 4.94066e-324
4.5 0.7 4.94066e-324
4.5 0.8 4.94066e-324
4.5 0.9 4.94066e-324
4.5 1 4.94066e-324
4.5 1.1 4.94066e-324
4.5 1.2 4.94066e-324
4.5 1.3 4.94066e-324
4.5 1.4 4.94066e-324
4.5 1.5 4.94066e-324
4.5 1.6 4.94066e-324
4.5 1.7 4.94066e-324
4.5 1.8 4.94066e-324
4.5 1.9 4.94066e-324
4.5 2 4.94066e-324
4.5 2.1 4.94066e-324
4.5 2.2 4.94066e-324
4.5 2.3 4.94066e-324
4.5 2.4 4.94066e-324
4.5 2.5 4.94066e-324
4.5 2.6 4.94066e-324
4.5 2.7 4.94066e-324
4.5 2.8 4.94066e-324
4.5 2.9 4.94066e-324
4.5 3 4.94066e-324
4.5 3.1 4.94066e-324
4.5 3.2 4.94066e-324
4.5 3.3 4.94066e-324
4.5 3.4 4.94066e-324
4.5 3.5 4.94066e-324
4.5 3.6 4.94066e-324
4.5 3.7 4.94066e-324
4.5 3.8 4.94066e-324
4.5 3.9 4.94066e-324
4.5 4 4.94066e-324
4.5 4.1 4.94066e-324
4.5 4.2 4.94066e-324
4.5 4.3 4.94066e-324
4.5 4.4 4.94066e-324
4.5 4.5 0
4.5 4.6 0.0183156
4.5 4.7 0.0270518
4.5 4.8 0.0391639
4.5 4.9 0.0555762
4.5 5 0.0773047
4.5 5.1 0.105399
4.5 5.2 0.140858
4.5 5.3 0.18452
4.5 5.4 0.236928
4.5 5.5 0.298197
4.5 5.6 0.367879
4.5 5.7 0.444858
4.5 5.8 0.527292
4.5 5.9 0.612626
4.5 6 0.697676
4.5 6.1 0.778801
4.5 6.2 0.852144
4.5 6.3 0.913931
4.5 6.4 0.960789
4.5 6.5 0.99005
4.5 6.6 1
4.5 6.7 0.99005
4.5 6.8 0.960789
4.5 6.9 0.913931
4.5 7 0.852144
4.5 7.1 0.778801
4.5 7.2 0.697676
4.5 7.3 0.612626
4.5 7.4 0.527292
4.5 7.5 0.444858
4.5 7.6 0.367879
4.5 7.7 0.298197
4.5 7.8 0.236928
4.5 7.9 0.18452
4.5 8 0.140858
4.5 8.1 0.105399
4.5 8.2 0.0773047
4.5 8.3 0.0555762
4.5 8.4 0.0391639
4.5 8.5 0.0270518
4.5 8.6 0.0183156
4.5 8.7 0.0121552
4.5 8.8 0.00790705
4.5 8.9 0.00504176
4.5 9 0.00315111
4.5 9.1 0.00193045
4.5 9.2 0.00115923
4.5 9.3 0.000682328
4.5 9.4 0.000393669
4.5 9.5 0.00022263
4.5 9.6 0.00012341
4.5 9.7 6.70548e-05
4.5 9.8 3.57128e-05
4.5 9.9 1.86437e-05

4.6 0 4.94066e-324
4.6 0.1 4.94066e-324
4.6 0.2 4.94066e-324
4.6 0.3 4.94066e-324
4.6 0.4 4.94066e-324
4.6 0.5 4.94066e-324
4.6 0.6 4.94066e-324
4.6 0.7 4.94066e-324
4.6 0.8 4.94066e-324
4.6 0.9 4.94066e-324
4.6 1 4.94066e-324
4.6 1.1 4.94066e-324
4.6 1.2 4.94066e-324
4.6 1.3 4.94066e-324
4.6 1.4 4.94066e-324
4.6 1.5 4.94066e-324
4.6 1.6 4.94066e-324
4.6 1.7 4.94066e-324
4.6 1.8 4.94066e-324
4.6 1.9 4.94066e-324
4.6 2 4.94066e-324
4.6 2.1 4.94066e-324
4.6 2.2 4.94066e-324
4.6 2.3 4.94066e-324
4.6 2.4 4.94066e-324
4.6 2.5 4.94066e-324
4.6 2.6 4.94066e-324
4.6 2.7 4.94066e-324
4.6 2.8 4.94066e-324
4.6 2.9 4.94066e-324
4.6 3 4.94066e-324
4.6 3.1 4.94066e-324
4.6 3.2 4.94066e-324
4.6 3.3 4.94066e-324
4.6 3.4 4.94066e-324
4.6 3.5 4.94066e-324
4.6 3.6 4.94066e-324
4.6 3.7 4.94066e-324
4.6 3.8 4.94066e-324
4.6 3.9 4.94066e-324
4.6 4 4.94066e-324
4.6 4.1 4.94066e-324
4.6 4.2 4.94066e-324
4.6 4.3 4.94066e-324
4.6 4.4 4.94066e-324
4.6 4.5 4.94066e-324
4.6 4.6 0
4.6 4.7 0.0183156
4.6 4.8 0.0270518
4.6 4.9 0.0391639
4.6 5 0.0555762
4.6 5.1 0.0773047
4.6 5.2 0.105399
4.6 5.3 0.140858
4.6 5.4 0.18452
4.6 5.5 0.236928
4.6 5.6 0.298197
4.6 5.7 0.367879
4.6 5.8 0.444858
4.6 5.9 0.527292
4.6 6 0.612626
4.6 6.1 0.697676
4.6 6.2 0.778801
4.6 6.3 0.852144
4.6 6.4 0.913931
4.6 6.5 0.960789
4.6 6.6 0.99005
4.6 6.7 1
4.6 6.8 0.99005
4.6 6.9 0.960789
4.6 7 0.913931
4.6 7.1 0.852144
4.6 7.2 0.778801
4.6 7.3 0.697676
4.6 7.4 0.612626
4.6 7.5 0.527292
4.6 7.6 0.444858
4.6 7.7 0.367879
4.6 7.8 0.298197
4.6 7.9 0.236928
4.6 8 0.18452
4.6 8.1 0.140858
4.6 8.2 0.105399
4.6 8.3 0.0773047
4.6 8.4 0.0555762
4.6 8.5 0.0391639
4.6 8.6 0.0270518
4.6 8.7 0.0183156
4.6 8.8 0.0121552
4.6 8.9 0.00790705
4.6 9 0.00504176
4.6 9.1 0.00315111
4.6 9.2 0.00193045
4.6 9.3 0.00115923
4.6 9.4 0.000682328
4.6 9.5 0.000393669
4.6 9.6 0.00022263
4.6 9.7 0.00012341
4.6 9.8 6.70548e-05
4.6 9.9 3.57128e-05

4.7 0 4.94066e-324
4.7 0.1 4.94066e-324
4.7 0.2 4.94066e-324
4.7 0.3 4.94066e-324
4.7 0.4 4.94066e-324
4.7 0.5 4.94066e-324
4.7 0.6 4.94066e-324
4.7 0.7 4.94066e-324
4.7 0.8 4.94066e-324
4.7 0.9 4.94066e-324
4.7 1 4.94066e-324
4.7 1.1 4.94066e-324
4.7 1.2 4.94066e-324
4.7 1.3 4.94066e-324
4.7 1.4 4.94066e-324
4.7 1.5 4.94066e-324
4.7 1.6 4.94066e-324
4.7 1.7 4.94066e-324
4.7 1.8 4.94066e-324
4.7 1.9 4.94066e-324
4.7 2 4.94066e-324
4.7 2.1 4.94066e-324
4.7 2.2 4.94066e-324
4.7 2.3 4.94066e-324
4.7 2.4 4.94066e-324
4.7 2.5 4.94066e-324
4.7 2.6 4.94066e-324
4.7 2.7 4.94066e-324
4.7 2.8 4.94066e-324
4.7 2.9 4.94066e-324
4.7 3 4.94066e-324
4.7 3.1 4.94066e-324
4.7 3.2 4.94066e-324
4.7 3.3 4.94066e-324
4.7 3.4 4.94066e-324
4.7 3.5 4.94066e-324
4.7 3.6 4.94066e-324
4.7 3.7 4.94066e-324
4.7 3.8 4.94066e-324
4.7 3.9 4.94066e-324
4.7 4 4.94066e-324
4.7 4.1 4.94066e-324
4.7 4.2 4.94066e-324
4.7 4.3 4.94066e-324
4.7 4.4 4.94066e-324
4.7 4.5 4.94066e-324
4.7 4.6 4.94066e-324
4.7 4.7 0
4.7 4.8 0.0183156
4.7 4.9 0.0270518
4.7 5 0.0391639
4.7 5.1 0.0555762
4.7 5.2 0.0773047
4.7 5.3 0.105399
4.7 5.4 0.140858
4.7 5.5 0.18452
4.7 5.6 0.236928
4.7 5.7 0.298197
4.7 5.8 0.367879
4.7 5.9 0.444858
4.7 6 0.527292
4.7 6.1 0.612626
4.7 6.2 0.697676
4.7 6.3 0.778801
4.7 6.4 0.852144
4.7 6.5 0.913931
4.7 6.6 0.960789
4.7 6.7 0.99005
4.7 6.8 1
4.7 6.9 0.99005
4.7 7 0.960789
4.7 7.1 0.913931
4.7 7.2 0.852144
4.7 7.3 0.778801
4.7 7.4 0.697676
4.7 7.5 0.612626
4.7 7.6 0.527292
4.7 7.7 0.444858
4.7 7.8 0.367879
4.7 7.9 0.298197
4.7 8 0.236928
4.7 8.1 0.18452
4.7 8.2 0.140858
4.7 8.3 0.105399
4.7 8.4 0.0773047
4.7 8.5 0.0555762
4.7 8.6 0.0391639
4.7 8.7 0.0270518
4.7 8.8 0.0183156
4.7 8.9 0.0121552
4.7 9 0.00790705
4.7 9.1 0.00504176
4.7 9.2 0.00315111
4.7 9.3 0.00193045
4.7 9.4 0.00115923
4.7 9.5 0.000682328
4.7 9.6 0.000393669
4.7 9.7 0.00022263
4.7 9.8 0.00012341
4.7 9.9 6.70548e-05

4.8 0 4.94066e-324
4.8 0.1 4.94066e-324
4.8 0.2 4.94066e-324
4.8 0.3 4.94066e-324
4.8 0.4 4.94066e-324
4.8 0.5 4.94066e-324
4.8 0.6 4.94066e-324
4.8 0.7 4.94066e-324
4.8 0.8 4.94066e-324
4.8 0.9 4.94066e-324
4.8 1 4.94066e-324
4.8 1.1 4.94066e-324
4.8 1.2 4.94066e-324
4.8 1.3 4.94066e-324
4.8 1.4 4.94066e-324
4.8 1.5 4.94066e-324
4.8 1.6 4.94066e-324
4.8 1.7 4.94066e-324
4.8 1.8 4.94066e-324
4.8 1.9 4.94066e-324
4.8 2 4.94066e-324
4.8 2.1 4.94066e-324
4.8 2.2 4.94066e-324
4.8 2.3 4.94066e-324
4.8 2.4 4.94066e-324
4.8 2.5 4.94066e-324
4.8 2.6 4.94066e-324
4.8 2.7 4.94066e-324
4.8 2.8 4.94066e-324
4.8 2.9 4.94066e-324
4.8 3 4.94066e-324
4.8 3.1 4.94066e-324
4.8 3.2 4.94066e-324
4.8 3.3 4.94066e-324
4.8 3.4 4.94066e-324
4.8 3.5 4.94066e-324
4.8 3.6 4.94066e-324
4.8 3.7 4.94066e-324
4.8 3.8 4.94066e-324
4.8 3.9 4.94066e-324
4.8 4 4.94066e-324
4.8 4.1 4.94066e-324
4.8 4.2 4.94066e-324
4.8 4.3 4.94066e-324
4.8 4.4 4.94066e-324
4.8 4.5 4.94066e-324
4.8 4.6 4.94066e-324
4.8 4.7 4.94066e-324
4.8 4.8 0
4.8 4.9 0.0183156
4.8 5 0.0270518
4.8 5.1 0.0391639
4.8 5.2 0.0555762
4.8 5.3 0.0773047
4.8 5.4 0.105399
4.8 5.5 0.140858
4.8 5.6 0.18452
4.8 5.7 0.236928
4.8 5.8 0.298197
4.8 5.9 0.367879
4.8 6 0.444858
4.8 6.1 0.527292
4.8 6.2 0.612626
4.8 6.3 0.697676
4.8 6.4 0.778801
4.8 6.5 0.852144
4.8 6.6 0.913931
4.8 6.7 0.960789
4.8 6.8 0.99005
4.8 6.9 1
4.8 7 0.99005
4.8 7.1 0.960789
4.8 7.2 0.913931
4.8 7.3 0.852144
4.8 7.4 0.778801
4.8 7.5 0.697676
4.8 7.6 0.612626
4.8 7.7 0.527292
4.8 7.8 0.444858
4.8 7.9 0.367879
4.8 8 0.298197
4.8 8.1 0.236928
4.8 8.2 0.18452
4.8 8.3 0.140858
4.8 8.4 0.105399
4.8 8.5 0.0773047
4.8 8.6 0.0555762
4.8 8.7 0.0391639
4.8 8.8 0.0270518
4.8 8.9 0.0183156
4.8 9 0.0121552
4.8 9.1 0.00790705
4.8 9.2 0.00504176
4.8 9.3 0.00315111
4.8 9.4 0.00193045
4.8 9.5 0.00115923
4.8 9.6 0.000682328
4.8 9.7 0.000393669
4.8 9.8 0.00022263
4.8 9.9 0.00012341

4.9 0 4.94066e-324
4.9 0.1 4.94066e-324
4.9 0.2 4.94066e-324
4.9 0.3 4.94066e-324
4.9 0.4 4.94066e-324
4.9 0.5 4.94066e-324
4.9 0.6 4.94066e-324
4.9 0.7 4.94066e-324
4.9 0.8 4.94066e-324
4.9 0.9 4.94066e-324
4.9 1 4.94066e-324
4.9 1.1 4.94066e-324
4.9 1.2 4.94066e-324
4.9 1.3 4.94066e-324
4.9 1.4 4.94066e-324
4.9 1.5 4.94066e-324
4.9 1.6 4.94066e-324
4.9 1.7 4.94066e-324
4.9 1.8 4.94066e-324
4.9 1.9 4.94066e-324
4.9 2 4.94066e-324
4.9 2.1 4.94066e-324
4.9 2.2 4.94066e-324
4.9 2.3 4.94066e-324
4.9 2.4 4.94066e-324
4.9 2.5 4.94066e-324
4.9 2.6 4.94066e-324
4.9 2.7 4.94066e-324
4.9 2.8 4.94066e-324
4.9 2.9 4.94066e-324
4.9 3 4.94066e-324
4.9 3.1 4.94066e-324
4.9 3.2 4.94066e-324
4.9 3.3 4.94066e-324
4.9 3.4 4.94066e-324
4.9 3.5 4.94066e-324
4.9 3.6 4.94066e-324
4.9 3.7 4.94066e-324
4.9 3.8 4.94066e-324
4.9 3.9 4.94066e-324
4.9 4 4.94066e-324
4.9 4.1 4.94066e-324
4.9 4.2 4.94066e-324
4.9 4.3 4.94066e-324
4.9 4.4 4.94066e-324
4.9 4.5 4.94066e-324
4.9 4.6 4.94066e-324
4.9 4.7 4.94066e-324
4.9 4.8 4.94066e-324
4.9 4.9 0
4.9 5 0.0183156
4.9 5.1 0.0270518
4.9 5.2 0.0391639
4.9 5.3 0.0555762
4.9 5.4 0.0773047
4.9 5.5 0.105399
4.9 5.6 0.140858
4.9 5.7 0.18452
4.9 5.8 0.236928
4.9 5.9 0.298197
4.9 6 0.367879
4.9 6.1 0.444858
4.9 6.2 0.527292
4.9 6.3 0.612626
4.9 6.4 0.697676
4.9 6.5 0.778801
4.9 6.6 0.852144
4.9 6.7 0.913931
4.9 6.8 0.960789
4.9 6.9 0.99005
4.9 7 1
4.9 7.1 0.99005
4.9 7.2 0.960789
4.9 7.3 0.913931
4.9 7.4 0.852144
4.9 7.5 0.778801
4.9 7.6 0.697676
4.9 7.7 0.612626
4.9 7.8 0.527292
4.9 7.9 0.444858
4.9 8 0.367879
4.9 8.1 0.298197
4.9 8.2 0.236928
4.9 8.3 0.18452
4.9 8.4 0.140858
4.9 8.5 0.105399
4.9 8.6 0.0773047
4.9 8.7 0.0555762
4.9 8.8 0.0391639
4.9 8.9 0.0270518
4.9 9 0.0183156
4.9 9.1 0.0121552
4.9 9.2 0.00790705
4.9 9.3 0.00504176
4.9 9.4 0.00315111
4.9 9.5 0.00193045
4.9 9.6 0.00115923
4.9 9.7 0.000682328
4.9 9.8 0.000393669
4.9 9.9 0.00022263

